Optimizador: ADAM
Schedule: Performance
Número de épocas: 50
Fecha y horario de guardado: 2025-06-02_14-24-30
El mínimo valor de la función pérdida (0.01297073345631361) se obtuvo  con batch size = 91, step size = 0.03705663597758982, optimAux = (0.9, 0.999) y schAux = (1.3420334687609257, 0.5460796069209396).

Rangos de los hiperparámetros:
límite inferior,límite superior
10,200
-3.0,-1.3010299
0.0,0.60205996
0.01,1

Resultados:
batch size,step size,optimAux0,optimAux1,schAux0,schAux1,loss
25,0.00169218728628981,0.9,0.999,1.1335932990913808,0.9600786725945842,0.033312876
63,0.005740375555720877,0.9,0.999,3.2900748585420705,0.40811180818208703,0.047327887
132,0.015956014778021915,0.9,0.999,2.8316794482887166,0.6419727213729289,0.057117075
96,0.004433163045197225,0.9,0.999,3.2185038837486757,0.3865543704296279,0.041114636
32,0.012064359295614764,0.9,0.999,1.9763204288797966,0.8082233267395438,0.042086247
79,0.018854275446794036,0.9,0.999,1.2203910021288946,0.04501264354631758,0.03150628
177,0.02764470773203057,0.9,0.999,1.7323194871614267,0.8123317199421427,0.08832817
82,0.012743171090671747,0.9,0.999,1.2140408749350495,0.8188734381138728,0.018911052
148,0.0015715487771962595,0.9,0.999,2.025599285248481,0.6798487203382808,0.040856894
37,0.009664330699073813,0.9,0.999,1.3869529526724418,0.758244653233505,0.034390744
195,0.016093996678080303,0.9,0.999,3.8870470142877918,0.9291051321460848,0.07071784
48,0.0023560556090266808,0.9,0.999,1.5050407531764025,0.11606709761777949,0.03490518
50,0.0070799719798980455,0.9,0.999,1.3731360186979518,0.5620632663158479,0.01731107
24,0.004128570175457847,0.9,0.999,2.2757676038225174,0.346422174837978,0.014449887
16,0.020600274038916868,0.9,0.999,3.541616158286101,0.5707925365140105,0.077568285
162,0.004912863256918861,0.9,0.999,1.565605109902289,0.9230352035644759,0.04902955
141,0.0029728251806742942,0.9,0.999,1.8334642985371734,0.7723181664217997,0.03608974
80,0.00871833357816883,0.9,0.999,1.4927350271168487,0.2936286180188743,0.02760716
116,0.00924887190390391,0.9,0.999,3.2593517409133477,0.27095117463152996,0.016775744
90,0.001785849716900998,0.9,0.999,1.6464967576894196,0.40403274923724264,0.024424035
64,0.00843852711521814,0.9,0.999,2.4102161150095713,0.49667333689012194,0.039148074
114,0.002297891840772018,0.9,0.999,1.011232321911596,0.5683961487344538,0.02580617
100,0.0014306915410059332,0.9,0.999,1.1723713292815936,0.26199864975285075,0.023315389
128,0.029617713801657092,0.9,0.999,1.2263667205741107,0.2285823116930329,0.018390749
162,0.02282288436280984,0.9,0.999,1.8999235969908015,0.5775471358287674,0.03479161
176,0.007644813053549062,0.9,0.999,1.1567498979628001,0.3671612454214958,0.02835678
41,0.013905298055184628,0.9,0.999,1.779081205808632,0.5431948946504179,0.0487559
43,0.0012884752343381098,0.9,0.999,1.6684664936987057,0.18464791037610293,0.024349367
54,0.027964193525182243,0.9,0.999,1.6219449634867849,0.1802558885661481,0.021564133
177,0.014248017376823543,0.9,0.999,3.98582091578715,0.1405825510145241,0.027946074
197,0.0019709322123487695,0.9,0.999,1.5480705557046779,0.6442080361875008,0.019165495
39,0.010296299245071416,0.9,0.999,3.154137390998866,0.9922793940310805,0.06982297
138,0.0034364597719159563,0.9,0.999,2.5018213803711564,0.1541006588472313,0.043226626
34,0.00835588271703354,0.9,0.999,1.4253244242620777,0.4280979888806354,0.016151275
52,0.008241448092577274,0.9,0.999,2.3469671340681852,0.1508996646380487,0.030808656
71,0.041715045508878,0.9,0.999,1.1478992453360901,0.34037425861755405,0.020679154
140,0.004333395912354284,0.9,0.999,1.1787703120499626,0.012621126796145084,0.0476032
190,0.011952636510192976,0.9,0.999,3.8496659189779057,0.5965067611021283,0.080453105
172,0.002539697835278176,0.9,0.999,3.6770278292423555,0.9181246995971042,0.07261879
70,0.002184539671853662,0.9,0.999,2.7584302071803966,0.822467742848923,0.057560872
123,0.03274332662920099,0.9,0.999,3.7816558771940953,0.7041909558238204,0.08061803
70,0.003715696960166379,0.9,0.999,1.5937313464534453,0.1480893769032134,0.057619922
44,0.004745714819748072,0.9,0.999,3.086890183806266,0.7340394241982765,0.050046943
101,0.025791873387911692,0.9,0.999,1.1193354849525956,0.49415467874301555,0.014459895
124,0.017953203623567584,0.9,0.999,3.227443156381871,0.6565157021388831,0.10836501
95,0.011205878609985223,0.9,0.999,2.109936705891721,0.13429107485035327,0.03725489
173,0.003506992360057604,0.9,0.999,1.3521445057941466,0.966801648031477,0.041731812
48,0.04090665059582945,0.9,0.999,1.804828440035363,0.24664748283811377,0.022285514
179,0.02415295444527124,0.9,0.999,1.3577799506410093,0.08749774515625143,0.023017537
18,0.02189269908808393,0.9,0.999,1.9992384126745197,0.372674106542008,0.033047277
179,0.046689680080694816,0.9,0.999,1.3279933400565935,0.621798020514436,0.014175594
199,0.0017181292673606925,0.9,0.999,1.654273116446863,0.32469604509352756,0.026054928
124,0.0020456677289590473,0.9,0.999,2.079542863454847,0.9437797342581977,0.062048387
75,0.034508348236711034,0.9,0.999,2.0083122559993036,0.879238524807012,0.0617383
88,0.0049875528944314405,0.9,0.999,2.236953370566213,0.7845094764031112,0.05927612
28,0.009442070355912562,0.9,0.999,2.1351365752664724,0.9897173837769352,0.05558533
159,0.0024979368330514977,0.9,0.999,2.523065553194856,0.05553965881543766,0.046721205
163,0.03326732410882302,0.9,0.999,2.596301043958277,0.06136693728078608,0.03999695
121,0.028392928028596824,0.9,0.999,1.8648929811343566,0.11906886882916211,0.035209395
170,0.004213033875286393,0.9,0.999,1.0182274418989905,0.8632380904371284,0.024866138
58,0.029479121804341986,0.9,0.999,1.8703519733018121,0.35837429880768,0.016059516
125,0.0011637040688103268,0.9,0.999,3.562932273246066,0.8927071017492756,0.07367179
31,0.04270767556882612,0.9,0.999,2.331455308643519,0.39343025741937626,0.05992809
152,0.011378145587721903,0.9,0.999,2.3172749652901423,0.6930118716142007,0.041978784
157,0.003185504591027988,0.9,0.999,1.1092608225532872,0.43598519749517844,0.023870872
187,0.0022327809409973926,0.9,0.999,1.034653038512849,0.6243476889740552,0.025888335
16,0.0036399073668096026,0.9,0.999,2.5536424148682304,0.5303322404954607,0.03922452
80,0.0022254785766664237,0.9,0.999,2.1600379664373075,0.6949823581951691,0.050417133
200,0.0013272953013675152,0.9,0.999,2.576347694439738,0.2392464975787071,0.020067394
183,0.005114464761996679,0.9,0.999,3.6511905933912137,0.4531966865331239,0.041666273
85,0.0018956011939890445,0.9,0.999,1.9718985139772498,0.6599489938165508,0.037856676
138,0.0010627263387739637,0.9,0.999,3.914610327110901,0.6343101334644731,0.05522858
76,0.0018000412022253559,0.9,0.999,1.6271370430359284,0.41268570893575496,0.02656515
113,0.001304788737959335,0.9,0.999,2.864848014081914,0.10839804746180298,0.060217634
14,0.00533935164400474,0.9,0.999,1.9283982518253442,0.8275354432189165,0.06173226
23,0.00788511871297511,0.9,0.999,2.6869235464527397,0.9482590713183661,0.06374754
59,0.010241782859633865,0.9,0.999,1.9411300908039733,0.2273494980788839,0.020192903
161,0.00192260364457696,0.9,0.999,2.6400092071976826,0.2871993385102125,0.026549313
185,0.006502817496431145,0.9,0.999,1.0746091210762518,0.7261392159546113,0.02242519
182,0.0036285982263058363,0.9,0.999,3.7263549352861767,0.8033489309717526,0.0713886
160,0.011716384537382177,0.9,0.999,1.7093004115355988,0.7571047433941641,0.045846507
117,0.04616387658733664,0.9,0.999,2.5439730246521917,0.7090400743195866,0.046269562
25,0.0015073804062662511,0.9,0.999,1.0544438164946284,0.856503151931072,0.023233622
137,0.024435991184686427,0.9,0.999,1.4141126550668963,0.2512494454562853,0.03437767
69,0.006874397146722378,0.9,0.999,2.2178008580036677,0.3148509978059508,0.022825178
77,0.003388735728145366,0.9,0.999,1.7282960213467302,0.9715256696965531,0.053727675
89,0.020080825595678208,0.9,0.999,1.3804087693146965,0.2996070503139005,0.024313107
66,0.0012048490518708564,0.9,0.999,1.1899274696004258,0.17322189831634816,0.032878004
46,0.0389382807518669,0.9,0.999,2.719247568728339,0.28853349874350853,0.017469369
149,0.0011273650024842558,0.9,0.999,2.979172723780896,0.903677999968063,0.073422715
108,0.009016984243847255,0.9,0.999,2.187653678986629,0.5854690093285648,0.052278664
50,0.0013974702378565095,0.9,0.999,1.0586862059771214,0.31164736697059836,0.025242394
21,0.004365754737062382,0.9,0.999,1.3329986655774337,0.5166618998915996,0.021505203
20,0.04832861243206792,0.9,0.999,2.469012244926643,0.9325018347821732,0.17969391
148,0.004783582880487058,0.9,0.999,1.5337311892626921,0.7984219609067451,0.025871955
112,0.026970077544481837,0.9,0.999,3.499840085655372,0.45746490177164023,0.069530174
18,0.026634925826853586,0.9,0.999,2.7931929951883125,0.3548826011788372,0.13044804
42,0.012310280221934554,0.9,0.999,1.3021868434134813,0.11051040683158812,0.021629456
60,0.0024298854575466678,0.9,0.999,1.2976615422051805,0.6492090420579106,0.023498204
98,0.0040848939497850865,0.9,0.999,3.0266351179918245,0.8878536951345098,0.07637916
109,0.0015464427867996277,0.9,0.999,1.5094035184634205,0.5840138817277707,0.023906682
144,0.016685508718720366,0.9,0.999,1.4191117879698951,0.7719928339586313,0.02863628
89,0.004584416150152248,0.9,0.999,3.8012969700217085,0.5901851346350759,0.056218293
188,0.010812157115033576,0.9,0.999,1.5436231982878346,0.7782864967481243,0.018365208
102,0.003973675954417748,0.9,0.999,3.826274633323997,0.502208190737261,0.055796914
130,0.0046255310147018764,0.9,0.999,1.1285585405982568,0.8343999525427497,0.023621537
67,0.045086727199732286,0.9,0.999,3.686660933234188,0.3176960728543766,0.03982139
169,0.047731210598746715,0.9,0.999,2.73705246003983,0.9514396070392263,0.04550436
44,0.0072569475029203145,0.9,0.999,1.065140164066595,0.7518297521962904,0.017451158
98,0.017493472870780926,0.9,0.999,2.902158687059535,0.714988229551672,0.060149692
62,0.03422423713676169,0.9,0.999,1.1555651059341618,0.07876970959605475,0.015048103
85,0.021494544143466236,0.9,0.999,2.0964692518114068,0.47571672571762136,0.018461088
126,0.01925062910684502,0.9,0.999,1.3187820629901734,0.03889332990169295,0.041394904
72,0.0074939497742829006,0.9,0.999,2.047095742548988,0.44630766094009,0.017824097
26,0.0015171503465105992,0.9,0.999,2.492669136715664,0.5133318851629965,0.058672044
175,0.00162431140530727,0.9,0.999,1.701576694621089,0.5233726246953455,0.034703247
164,0.0033309684354747076,0.9,0.999,3.33011858453953,0.07258987592034288,0.035016656
38,0.023690800956890547,0.9,0.999,3.7470713942236835,0.4182893199305457,0.034400113
57,0.025675067239969616,0.9,0.999,1.4641909355177734,0.06935752279485527,0.020718627
28,0.002092499765709754,0.9,0.999,2.6625678331236555,0.6676081074828621,0.041661404
145,0.0198375777560506,0.9,0.999,2.9099806523290015,0.4310168861768175,0.08378629
40,0.0025805215651551324,0.9,0.999,2.441768986085847,0.13000768284319952,0.027285084
195,0.0026931729949544745,0.9,0.999,1.0015033811714993,0.856380172347593,0.026473042
122,0.002395260899899879,0.9,0.999,1.236848117260248,0.20246923048594473,0.032817926
151,0.013653592831655197,0.9,0.999,2.6167915940532605,0.8817728296752311,0.09207636
153,0.0014759431735456789,0.9,0.999,2.7785288347056736,0.4680916276990182,0.032644294
174,0.049395188140900034,0.9,0.999,3.592380658325861,0.6693894849452816,0.06701247
144,0.003131372637433327,0.9,0.999,2.058015733468007,0.975859389784467,0.05769031
168,0.010462953678292338,0.9,0.999,2.1516058567869814,0.8743751293016637,0.05806159
154,0.015685604264300015,0.9,0.999,1.889267275990851,0.7434916415845501,0.06082748
128,0.003036505061895342,0.9,0.999,1.768288419232832,0.21766451808895443,0.025055991
56,0.007748789048506769,0.9,0.999,1.0369431936933557,0.6115015178420395,0.017661843
32,0.005966861237146093,0.9,0.999,2.3648761996183136,0.08182394802038005,0.038292166
21,0.003813943541681938,0.9,0.999,2.124017755832935,0.6293753981820077,0.044409335
84,0.0055093087447578275,0.9,0.999,3.052947611078091,0.8490797809447449,0.08536029
134,0.03142351072596159,0.9,0.999,1.7534740640395592,0.37855262731006317,0.014913876
150,0.01314385786319818,0.9,0.999,1.264313625154806,0.04015780587171229,0.033040363
110,0.005863407963782602,0.9,0.999,2.295468237568224,0.4619877022407979,0.027978742
108,0.006192204102426356,0.9,0.999,1.0817923079304155,0.5098642585414499,0.023129562
67,0.0038821465997564736,0.9,0.999,2.9459318205044593,0.1979803277797241,0.01928058
143,0.001747369589587586,0.9,0.999,3.0477454801998243,0.553813547270683,0.051837698
171,0.017353393948032012,0.9,0.999,1.1841256671659965,0.3632401512484883,0.03271215
146,0.0030542417522525143,0.9,0.999,2.1959624123070363,0.5297353033129986,0.025878957
194,0.008935779601182185,0.9,0.999,1.7498777642250325,0.03356418715396725,0.056745116
111,0.0028872961610056187,0.9,0.999,1.2504401038470832,0.05162653125254409,0.049318716
136,0.0012583170120374157,0.9,0.999,1.5250084259651593,0.48726400631730266,0.023401495
51,0.016998505738634716,0.9,0.999,1.2870120280096942,0.19103017980243223,0.019867167
184,0.002716847104950338,0.9,0.999,1.7953774335266202,0.28019555484339975,0.023566054
19,0.010990644344666359,0.9,0.999,3.5272614705894187,0.9616273727558228,0.07306843
34,0.03735836511132121,0.9,0.999,1.6052852362960517,0.4734731648972033,0.015392993
118,0.0026115962041077865,0.9,0.999,2.040583071677851,0.09125953502740863,0.05075965
74,0.00983028573763325,0.9,0.999,2.8739148023738834,0.7308515665237761,0.07512
155,0.0021063053014215164,0.9,0.999,3.377902769233167,0.09745353468517223,0.030089295
106,0.0010233284967763065,0.9,0.999,1.101339392933571,0.6162802979343434,0.027440978
184,0.0010454579654935263,0.9,0.999,1.0224643036068126,0.17357071412014796,0.028592946
93,0.007959944369421787,0.9,0.999,2.4475446903236153,0.346632187926017,0.045264643
11,0.02308512763272819,0.9,0.999,2.417242006151067,0.2761519439260425,0.026563408
156,0.014588455290690272,0.9,0.999,1.5900976223596623,0.12514886458437655,0.034643646
167,0.035640521571317745,0.9,0.999,1.479756907767297,0.33044988278415466,0.026863566
36,0.005262480083761288,0.9,0.999,1.9068230184143176,0.22271066676113688,0.03179505
56,0.03242194877207096,0.9,0.999,1.2018042300587453,0.2128842573612761,0.020939294
13,0.0028668145604305246,0.9,0.999,1.2409691275042778,0.8999343245435287,0.03381967
133,0.018527326187350403,0.9,0.999,1.6828044443628565,0.3851637166983818,0.019204183
105,0.0010938216008407125,0.9,0.999,1.4436350939737483,0.2078674235039455,0.0491606
86,0.006107066427443859,0.9,0.999,2.9660810438071485,0.536379532671008,0.09146499
107,0.0013895264174743041,0.9,0.999,3.6126525461170784,0.6064627301211851,0.06326954
119,0.0019941237414512944,0.9,0.999,3.4091876367564917,0.997229517536711,0.056785718
129,0.015191171059341674,0.9,0.999,2.9969583078011746,0.10136201233680933,0.031732835
97,0.012644522344634973,0.9,0.999,1.671138152067436,0.9150257106010492,0.05543804
181,0.013253116666306698,0.9,0.999,3.4821667482144383,0.42172000671003756,0.055247627
78,0.006740295545118464,0.9,0.999,3.1877065701266245,0.0243064826819022,0.0348505
189,0.005655000290354062,0.9,0.999,3.297400611793493,0.7930104816123479,0.056045577
193,0.0010138356253340723,0.9,0.999,1.1107375481965553,0.16677144721857054,0.03954252
168,0.024878470708096685,0.9,0.999,1.4589587229671324,0.8442230226461908,0.038948238
91,0.03705663597758982,0.9,0.999,1.3420334687609257,0.5460796069209396,0.012970733
11,0.01512916875704889,0.9,0.999,1.280442313862869,0.5553904129076682,0.023970686
135,0.002807053272370048,0.9,0.999,3.925886080135096,0.3971108328965085,0.055075012
165,0.009981789846669486,0.9,0.999,3.1378974271199245,0.026187862958396847,0.032354936
142,0.038602292593308885,0.9,0.999,2.8093976789716466,0.6035800852253568,0.04629367
54,0.0016382639895630865,0.9,0.999,2.226520900212097,0.2672352825942801,0.02002963
92,0.005443965607383281,0.9,0.999,1.400697425045631,0.7008142492783241,0.019936962
81,0.018145865682718837,0.9,0.999,3.171987369220175,0.33218867542263836,0.054423254
65,0.014416838306363575,0.9,0.999,2.2520102893147973,0.01676865049304632,0.025935756
104,0.0011705658454937717,0.9,0.999,2.307841147207899,0.7403775512039127,0.05092752
158,0.006565761670107912,0.9,0.999,1.4538237026976022,0.6768528944310749,0.018304402
94,0.04391551844322535,0.9,0.999,1.9509931541974874,0.9366563835319426,0.12851873
198,0.031154200907479637,0.9,0.999,1.2709901523198088,0.30348725008770056,0.02248096
73,0.006996086885346356,0.9,0.999,3.416097518591758,0.7656915510628626,0.06668875
35,0.0012291177237587789,0.9,0.999,2.6996549985532967,0.8683121086694247,0.066427216
14,0.04011687830161081,0.9,0.999,1.0455652896194414,0.7194555322088559,0.046638712
186,0.00633037164004141,0.9,0.999,1.5774403058813358,0.6847693364605915,0.02622735
192,0.030540170353160277,0.9,0.999,2.3895056204566036,0.25315106266395115,0.01718032
61,0.021045060498332418,0.9,0.999,2.627205012347223,0.16090522826659215,0.022066062
131,0.0013423537274618357,0.9,0.999,3.0959934535547786,0.44496033871925517,0.030557266
30,0.043535851406056564,0.9,0.999,3.455836382723863,0.2348231071457648,0.03952787
120,0.003237755170088088,0.9,0.999,1.0928585972585274,0.8402510973067628,0.021535514
115,0.0018500415204834137,0.9,0.999,3.3529076000211475,0.907683516901176,0.06805871
191,0.03652945156485147,0.9,0.999,3.945004476466415,0.789077170428237,0.07264779
100,0.001108812948265394,0.9,0.999,1.8217938103165978,0.9850136183728506,0.05744025
46,0.022389275723568917,0.9,0.999,1.8508353943162907,0.48259468446724574,0.029511636
