Optimizador: ADAM
Schedule: Fix
Número de épocas: 50
Fecha y horario de guardado: 2025-05-20_10-57-28
El mínimo valor de la función pérdida (0.017451787367463112) se obtuvo  con batch size = 38, step size = 0.007069293601470731, optimAux = (0.8721262425650733, 0.9759152297356839) y schAux = ().

Rangos de los hiperparámetros:
límite inferior,límite superior
2,200
-3.9999998,-0.99999994
0.85,0.99
0.9,0.9999

Resultados:
batch size,step size,optimAux0,optimAux1,loss
136,0.0010903735905082315,0.9239533754855607,0.9101142282403469,0.032211855
130,0.002085340213036396,0.927313259167038,0.9213007745281447,0.024340691
67,0.0007042725028721742,0.9018474839316408,0.983003083917773,0.027129052
30,0.00014742446834982738,0.920298300874269,0.9894068480873801,0.04627848
158,0.00015886121492782618,0.8705115705863034,0.9875638150487922,0.058850884
80,0.00782367232730492,0.9134498505306253,0.9192741806313132,0.019232625
108,0.001531958658223086,0.9053306351244792,0.9898554185558982,0.024558429
172,0.0014813638898715184,0.9478366967374164,0.9554193701886347,0.031339463
113,0.03361554568650348,0.8958258853416647,0.9054405699907375,0.027337294
7,0.0016959610130641665,0.8801070449260047,0.9935743821668375,0.020325769
160,0.014816169605808192,0.9425134610641874,0.9699543306076417,0.021423673
87,0.0006028504582720958,0.9895423195355011,0.9789639814118047,0.032042578
69,0.0002487698725250054,0.9645266672901082,0.9709170183403002,0.043175086
183,0.06225832638254202,0.9671821060378102,0.9885779374222299,0.035141297
126,0.004472163947346932,0.9753018372584314,0.9106706425964757,0.021282814
170,0.008136638192390477,0.8763476812534143,0.9417949520309677,0.03248297
142,0.0003157407793615005,0.9465031237519405,0.9046456078678647,0.044517033
39,0.005495803634705637,0.9456968215430465,0.9956387210553718,0.019161573
85,0.0060157591632847346,0.9783926171758481,0.9698387388535958,0.018277306
59,0.0005162129183612645,0.9565967525253471,0.9188995432619487,0.03155894
123,0.00768939413756549,0.9495688082439726,0.9974353828575837,0.021039478
60,0.00010153844916507769,0.9231313609288578,0.9219920430758938,0.056558613
155,0.0003101812260716453,0.9050762363767104,0.976777423367011,0.046469864
179,0.07670092286946587,0.9654941354241076,0.93586258111792,0.066023126
5,0.011603420050287444,0.8559108504465542,0.9081794106794895,0.044169787
6,0.0009064039564278375,0.8927875171831976,0.9389331256418839,0.021915825
3,0.00020250971385671188,0.9080948090198331,0.9521183387541478,0.028138906
172,0.00017126486599608102,0.9312315074504233,0.9726690623590564,0.057999235
166,0.004079443913309417,0.8543104047822577,0.9633749102409274,0.026347972
76,0.0016069410568051025,0.973211279521446,0.9022706398932574,0.022449063
44,0.0007605991254863402,0.8674513126880056,0.9261687855697541,0.029103154
21,0.04154136186186532,0.9853438946082849,0.9112053157025225,1.2462735
121,0.005244330062290453,0.9605979418915609,0.9482857091539826,0.019136507
62,0.001747160155019706,0.9827577585773882,0.9272946211461957,0.024200879
199,0.010251731945474385,0.898261747113755,0.9751245494867286,0.018473702
36,0.01542960856420669,0.981821956535395,0.9959638593586451,0.022945648
62,0.0023382954927554833,0.9083466572100678,0.9448946777748806,0.023377782
119,0.012601987173726794,0.8664000886581168,0.9163904545603349,0.03154427
162,0.030218906713681624,0.9543711571318949,0.9951532590922678,0.019424768
197,0.03091876855021451,0.8523476762518983,0.9443833625709653,0.037370637
136,0.050213603573958834,0.8882649326034864,0.931131321514649,0.055113498
82,0.0007755526253054762,0.9002161085911364,0.9018357158629204,0.028204765
100,0.001175583133103896,0.9444923450760998,0.9200791467699674,0.027844077
31,0.00029415330933404467,0.9709689574201992,0.919483163879493,0.03572819
116,0.0030580614037208726,0.8528618395525452,0.9556425348519819,0.024324642
46,0.0009526271544334492,0.9660479332337859,0.9499514317488016,0.027378676
49,0.028877880873233903,0.9801830982013622,0.9738702382527918,0.04081051
193,0.00033588958265237223,0.8971571577098814,0.9622816942867908,0.047692314
34,0.0046942562449411055,0.9295191609131442,0.9836637378511182,0.02161893
151,0.00011480413407525146,0.9391612465596855,0.942446480486018,0.06190152
79,0.006337714212122709,0.9835251041599643,0.9939104558847921,0.021568293
144,0.00028156984891476787,0.918313701755893,0.9973086345458972,0.048230838
51,0.01727465567853407,0.9099700609146326,0.9351658682154629,0.02481755
128,0.017819701501890953,0.874577648883933,0.9289579651860884,0.022836575
30,0.03980755980709715,0.9850520295818483,0.9733035207348422,0.09588822
141,0.03477450999705586,0.8865869788291638,0.9923586831052786,0.023824697
4,0.027061470624055707,0.8833233781077264,0.912829858689861,0.34869936
108,0.02464325107787474,0.9491570528370249,0.9282919923198353,0.02016727
64,0.002817687737941679,0.8678552537119841,0.9564995588680392,0.01954786
196,0.0036397616519200297,0.8895117911782571,0.9043365425069918,0.022072181
137,0.0019180875192595437,0.8758743389225687,0.9150248318424852,0.025006931
117,0.020339091634013463,0.882804662666066,0.967703477297981,0.020931019
165,0.032306752448509876,0.9519731308907271,0.9324758736994148,0.026149057
71,0.003210795013535421,0.9042454800240564,0.9036880892955269,0.03391273
182,0.0005711065413316846,0.8695749118610984,0.9691592243701971,0.045228925
127,0.00025722241376417194,0.9575004808272798,0.9991920637404599,0.049425203
194,0.021966170073069363,0.9423889687384717,0.9573736400264393,0.02549196
159,0.00020769562823011827,0.9861919378024677,0.9746095065380489,0.050882842
97,0.0008067939634224132,0.9700729417712394,0.9924902867496392,0.02934883
150,0.00011593320288035525,0.8877557625269824,0.976967736226435,0.062058456
37,0.04399399161881134,0.8728074822696255,0.9098256324044556,0.076490864
60,0.012536332216531335,0.8641384140185249,0.9741347633453653,0.019534942
93,0.003817814926076445,0.9166310811837352,0.9346843371584804,0.024031185
132,0.022833437428101466,0.9887289212137277,0.92759093769806,0.05354602
45,0.07584287852852878,0.8589815759611683,0.9851859638766846,0.13353758
91,0.0012754081514888436,0.9034532124889928,0.9001933857697857,0.028085409
17,0.0036164404539450598,0.9665699454064285,0.9171290369783671,0.025437668
8,0.00023069644075779226,0.9585033264407942,0.9588786643779486,0.028815145
174,0.06487914767774855,0.9730573276517619,0.9526685492802083,0.056576602
95,0.0007252530695059347,0.9472203167297412,0.9087699779084937,0.031093592
53,0.004175724143965611,0.9031884237756634,0.9809755755375087,0.025707124
120,0.0013571107387743398,0.9220274267179903,0.9530778745871006,0.028111039
148,0.011897515982600285,0.9528212906103539,0.9407603031782549,0.025587711
85,0.05967260981273979,0.9387707569470727,0.9854980858832492,0.16284561
157,0.0003926400257192192,0.8766619156902111,0.9365184125204465,0.04523687
152,0.0002879647433009715,0.8711343379531851,0.9255150064159604,0.047594883
74,0.0014622588150502865,0.9513209685553391,0.9577910804002152,0.024834072
41,0.00013256517371639114,0.9611624132740155,0.9864023163068929,0.045263827
90,0.00038283273366309864,0.8501998761110598,0.9592912841251628,0.039449185
26,0.03832321923218875,0.9771096737481021,0.9914752896251006,0.066165075
68,0.015939731570541297,0.8696476633670629,0.9784944606548824,0.028971702
174,0.00012542119813401846,0.901336000830091,0.9779602906041137,0.06186222
168,0.010199586532671508,0.9247334886284897,0.9156237341334656,0.026669614
115,0.0009904993615787064,0.962967315055455,0.943056075289692,0.02766664
41,0.05566792164398262,0.8650476352169617,0.9130541701782742,0.19713187
122,0.016407312231110173,0.9324273024638919,0.976080847200179,0.020938635
186,0.005858655496995283,0.9400719750770874,0.9655373670074807,0.021708522
89,0.023654882138140886,0.9808187026444597,0.9948023212532207,0.023880802
84,0.03657385615991618,0.8799875699256102,0.9250053842899857,0.028621541
115,0.0032799685511537254,0.9676291357638467,0.9359778403905,0.021119474
66,0.020802986344555623,0.9120162284285087,0.9680118841018677,0.03004417
190,0.00036634521962422524,0.8601225637116625,0.9479021549255213,0.04728726
147,0.0001779915365205889,0.9581215135852779,0.907598032919729,0.053781748
72,0.06754382523243697,0.9625586714687555,0.9653492747350025,0.08997885
105,0.00016408724414132585,0.928709086735553,0.9462186548867951,0.05172228
54,0.08038611080841183,0.9172890469873696,0.9776038190173901,0.23364559
112,0.05400295397926252,0.971129763008974,0.9646971707486717,0.15269443
74,0.047445138057312486,0.9748061319514723,0.9457195631881496,0.1206912
189,0.09449507760583167,0.8990878740901018,0.9409950249344834,0.056320406
153,0.00022274484323714367,0.8575786471773255,0.9673208918510962,0.051098138
149,0.0022567852405040436,0.940856322668353,0.9845162223044871,0.027660638
124,0.00243118317919614,0.8966330977223734,0.9986885812217472,0.025684712
18,0.0004956976626150216,0.9501019082857487,0.9370387564880478,0.026262945
80,0.0005963349742450416,0.898427446662145,0.934378253130378,0.031931233
103,0.07196276808932435,0.8936076348870072,0.9231756770124139,0.10764357
135,0.0001883580332039995,0.9445503407536974,0.984322694273406,0.05258648
112,0.011063311351591356,0.9333120655408921,0.9069330238616329,0.026078569
48,0.00047900509888342826,0.9381258441226887,0.9295262085975835,0.031352572
177,0.00015402049785588346,0.8840229988997397,0.9829014686729182,0.06107061
180,0.008895289749502577,0.9209127540973718,0.9684513425375203,0.02284686
24,0.06991940746766222,0.9199576814754128,0.9666594441149176,0.15684839
105,0.00010593075108009776,0.9550941990202921,0.9495831628138167,0.06099484
55,0.0039143504788035815,0.8551016937358061,0.9583530047817242,0.026123367
28,0.0017841343531745722,0.9157284682196616,0.9439218521245346,0.023145733
101,0.0004241968626964198,0.8921403593244311,0.9538748646975163,0.0409022
38,0.00046180274788930407,0.943160074940048,0.9139466211331059,0.031389106
33,0.08965666814359764,0.8904687003395906,0.9637785697467548,0.14268225
93,0.0026540919327075556,0.8611351797356775,0.971931193315455,0.023220113
86,0.0008326156464491232,0.8512277426479874,0.9605933521394778,0.029512333
43,0.0021582361341576377,0.8612956369891457,0.9660910544147556,0.022599172
186,0.0021790204285697078,0.85168968501661,0.9543882510028555,0.02469977
145,0.018983455275439553,0.8808778782812265,0.9208141780755792,0.021850012
38,0.007069293601470731,0.8721262425650733,0.9759152297356839,0.017451787
12,0.00012302108470767993,0.9163944049770303,0.9071341521644912,0.050217763
52,0.0006823968990235307,0.8625372642298589,0.9869293975484739,0.026237365
21,0.009171169219917445,0.8951356743447247,0.9966193957434805,0.024266671
194,0.01402772466122681,0.9253569935380008,0.9494385486333039,0.018749926
197,0.0010525299708817617,0.9137410669256572,0.9817961622550542,0.033356756
102,0.006756083567916035,0.9870753351937674,0.9226615919958014,0.028805926
73,0.09714868279003493,0.8821128617153272,0.9905127477004476,0.20587498
12,0.05848955534564903,0.9266895020570523,0.9005003638991484,1.1292449
175,0.0061868020569612655,0.8793194468281048,0.902674113276402,0.031148711
178,0.0008646892233942186,0.934649093299756,0.926951518167146,0.03384977
15,0.00023922929816055788,0.8593831067791342,0.9010189760416119,0.03552164
43,0.0002199638054154944,0.8944429964445089,0.9168985665756535,0.04362049
92,0.026839951790187545,0.8891417868368934,0.9563015274584291,0.035632864
138,0.002555367926602013,0.9278197363701085,0.9901578678615299,0.024026657
161,0.005330433392326472,0.9778124124334435,0.9057894562903983,0.022520859
9,0.00343147414907421,0.9371904081696643,0.9244955618381042,0.01875057
169,0.021180206504659054,0.885169982360864,0.9383987179444334,0.02089762
131,0.042470107249831184,0.963577318717465,0.9424835763549375,0.0317341
32,0.013167411722159404,0.8686357120728828,0.9601551446264012,0.026760714
56,0.00044026706185432395,0.9881977146330705,0.9377948967040824,0.036597703
78,0.00018253962546196378,0.9330178923905095,0.9238130972863319,0.046595328
8,0.002867473549751886,0.9068310651197146,0.9930731736262824,0.03082733
47,0.005104819251991427,0.862713869812121,0.9183923954231115,0.018510371
110,0.0018730554413513812,0.8733029101541891,0.9912324156455776,0.0240884
163,0.00932429484091812,0.96846075773892,0.9820237780320529,0.022029845
133,0.001997378384471915,0.9480937768433185,0.9714635381048182,0.026240688
27,0.0014184275212099158,0.9413317996377494,0.9335246377315005,0.02151841
110,0.05243156911685462,0.8583361646038847,0.9626366568729037,0.03709978
19,0.0005471717732166598,0.9613325563796224,0.9713397334876706,0.02643233
181,0.000357137376955329,0.9355139547534689,0.9466731906941808,0.047561917
65,0.0005363973223226225,0.9149618659978548,0.9865895460138506,0.0302917
77,0.008379136190215703,0.9538029668032652,0.999570190257963,0.021825135
188,0.0835111790948396,0.8775617245785299,0.9807649430806837,0.09231418
81,0.0044615292226177555,0.873893941937433,0.9290969702526349,0.02533117
192,0.0004503877151536232,0.9221581093870377,0.964311567200331,0.045366608
199,0.03746243318096882,0.8847856077563692,0.9470897908094849,0.038335893
164,0.0013250952064074136,0.9761343252653337,0.9519466074929117,0.025391689
106,0.009820782127605789,0.9794515768896328,0.9116870420192752,0.021825625
70,0.002702124973802444,0.9006059855138349,0.9316115245416912,0.033216644
184,0.00019332410970772176,0.8659814547522792,0.9797493182125732,0.05668206
20,0.00014106973733785702,0.8857220729094837,0.9394395245368576,0.050101474
118,0.000667239354812653,0.8564806149719961,0.9243735891059499,0.03458108
50,0.027979203205871283,0.9260156981313677,0.9979153748205798,0.038040716
13,0.0012265053030284289,0.912562759422608,0.9486624922754302,0.019611912
57,0.0006436784994040878,0.9089496942155246,0.9322241733204388,0.027425835
156,0.00014518364260415075,0.9534817329355787,0.9396356933714232,0.060238447
25,0.0001283561867466973,0.8539829794495992,0.9143957473785613,0.05233368
96,0.01701942322989313,0.987283457475356,0.909460611917528,0.0670497
139,0.007430525400544148,0.9112190074335319,0.9176929565915924,0.019027501
99,0.08674981795614899,0.936215551485617,0.921858540879676,0.09132942
126,0.003021152825669203,0.9064979869331543,0.9300173117343216,0.020953625
144,0.09135196148863318,0.9720130565896268,0.960988995099681,0.110112585
167,0.01937598798039554,0.891148197090376,0.9512339609789694,0.029398672
190,0.000109034088923924,0.9103796139173549,0.9401588720658745,0.06452606
101,0.0011594053155978311,0.9348545681006839,0.9304882228520595,0.02872333
98,0.046399846442440947,0.9745671498862717,0.9454524876220802,0.111169614
141,0.006777230565584327,0.9559132187901889,0.9598647250491215,0.021507924
171,0.013849686228148228,0.9301929907952836,0.9124030794353949,0.020402977
11,0.00032983806227180045,0.9187416430316213,0.9547675212762584,0.028729187
22,0.04925166596795732,0.9310787190972666,0.9060719955991269,0.27249804
129,0.00039993085372950436,0.9813166616017512,0.9803506946068716,0.044201035
146,0.001021857069858732,0.9841205525532848,0.9618408643412028,0.027644662
14,0.00093829733342221,0.8785485939108879,0.9331307526328539,0.023420654
23,0.02530894255939749,0.8917556410054539,0.9033261241746284,0.038303763
154,0.000263098442642095,0.9691854026695507,0.950872322806368,0.045733783
58,0.004937152275575454,0.959889030056088,0.9148815308918151,0.02222327
185,0.010812736941488878,0.863528984880907,0.9879329750503143,0.030040756
