0.05092993751168251
0.03766945004463196
0.026850014925003052
0.026699742302298546
0.026856709271669388
0.02668796107172966
0.026044635102152824
0.025784241035580635
0.022568633779883385
0.021090863272547722
0.017729025334119797
0.017942283302545547
0.016533561050891876
0.017421508207917213
0.017510224133729935
0.01715344935655594
0.01587262935936451
0.017325270920991898
0.016317732632160187
0.016239464282989502
0.01612415350973606
0.015360206365585327
0.016677727922797203
0.015327474102377892
0.015108373016119003
0.015292184427380562
0.015274932608008385
0.013953088782727718
0.014444306492805481
0.014552180655300617
0.014181052334606647
0.0143649373203516
0.014327420853078365
0.015030676499009132
0.013953189365565777
0.015071140602231026
0.013707593083381653
0.013117820024490356
0.01363461371511221
0.01462159026414156
0.013285324908792973
0.014432733878493309
0.012877125293016434
0.01298426277935505
0.01297082006931305
0.01279557216912508
0.012839681468904018
0.012436041608452797
0.012322837486863136
0.012402043677866459
0.011772220022976398
0.011932706460356712
0.012384560890495777
0.01182556338608265
0.011345721781253815
0.011641052551567554
0.011308107525110245
0.01133845467120409
0.011190795339643955
0.011263071559369564
0.011472100391983986
0.011258288286626339
0.011076240800321102
0.01158292405307293
0.01141358632594347
0.010716011747717857
0.011060421355068684
0.01095476746559143
0.010583864524960518
0.010509878396987915
0.01024044118821621
0.010472781024873257
0.010301371105015278
0.010156325064599514
0.010216922499239445
0.010135332122445107
0.010041894391179085
0.009982769377529621
0.009935778565704823
0.009922836907207966
0.010026223957538605
0.009500793181359768
0.009926917962729931
0.009917900897562504
0.009713951498270035
0.009674333035945892
0.009825406596064568
0.009585578925907612
0.009553457610309124
0.009560437873005867
0.009661739692091942
0.00970496516674757
0.009402703493833542
0.009398505091667175
0.009426265023648739
0.009405165910720825
0.009148390963673592
0.00918828696012497
0.0093925092369318
0.009359000250697136
0.009148390963673592
