0.10098809003829956
0.08194263279438019
0.07360190898180008
0.07211530208587646
0.07093179225921631
0.06134563311934471
0.059128761291503906
0.05751247704029083
0.05367940291762352
0.050534799695014954
0.04810230806469917
0.04662405326962471
0.04541836306452751
0.04426189884543419
0.043487466871738434
0.04289565235376358
0.04281376674771309
0.04215721786022186
0.04147515073418617
0.04094095900654793
0.04028956592082977
0.039674438536167145
0.03901035338640213
0.03830694779753685
0.036439262330532074
0.033600207418203354
0.03169096261262894
0.030363522469997406
0.02933676168322563
0.02850925363600254
0.027830636128783226
0.027231914922595024
0.02670191042125225
0.026230977848172188
0.025838186964392662
0.025503018870949745
0.02519964426755905
0.02493216283619404
0.024670394137501717
0.024421071633696556
0.024143654853105545
0.023886818438768387
0.023588955402374268
0.02330937050282955
0.023013535887002945
0.02271757461130619
0.022449051961302757
0.022197814658284187
0.02195052057504654
0.021719861775636673
0.021494533866643906
0.021288452669978142
0.021081851795315742
0.020874595269560814
0.02067490667104721
0.02051375061273575
0.02031145617365837
0.02012541890144348
0.019954880699515343
0.01978573016822338
0.019622299820184708
0.019467327743768692
0.019282784312963486
0.019110916182398796
0.01898433081805706
0.018864570185542107
0.018750164657831192
0.018646972253918648
0.01855580136179924
0.01848025992512703
0.018398892134428024
0.018310537561774254
0.018221698701381683
0.018125372007489204
0.018024010583758354
0.017920883372426033
0.017814578488469124
0.017702709883451462
0.017585450783371925
0.017453227192163467
0.017323559150099754
0.01719675585627556
0.01707836426794529
0.016993079334497452
0.01691238395869732
0.01682163029909134
0.016722198575735092
0.016622191295027733
0.01652178354561329
0.016414251178503036
0.01629123091697693
0.01616235449910164
0.0160627793520689
0.015987947583198547
0.015927806496620178
0.01587705872952938
0.015836190432310104
0.015802891924977303
0.015771420672535896
0.015743423253297806
0.01571737229824066
0.015693284571170807
0.015668796375393867
0.01564597524702549
0.015626201406121254
0.01560639776289463
0.015585171990096569
0.015565958805382252
0.015547671355307102
0.015538997016847134
0.015528944320976734
0.015518251806497574
0.01551305316388607
0.0155133455991745
0.014738495461642742
0.014688004739582539
0.014648959040641785
0.01461467333137989
0.0145832234993577
0.014553672634065151
0.014525573700666428
0.014498533681035042
0.014472363516688347
0.01444698590785265
0.01442240085452795
0.014398508705198765
0.014375269412994385
0.01435261219739914
0.014330582693219185
0.01430909987539053
0.014288166537880898
0.014267760328948498
0.014247916638851166
0.014228618703782558
0.014209856279194355
0.014191722497344017
0.014174171723425388
0.014157197438180447
0.014140834100544453
0.014125069603323936
0.014109881594777107
0.014095213264226913
0.014081139117479324
0.014067654497921467
0.014054679311811924
0.01404226291924715
0.014030343852937222
0.014018967747688293
0.01400801632553339
0.013997508212924004
0.013987340033054352
0.013977550901472569
0.01396801695227623
0.013958761468529701
0.013949688524007797
0.013940803706645966
0.01393204927444458
0.013923436403274536
0.013914930634200573
0.01390651986002922
0.01389822456985712
0.01389000378549099
0.013881893828511238
0.013873857446014881
0.01386591512709856
0.01385804545134306
0.013850237242877483
0.013842525891959667
0.013834824785590172
0.01382717676460743
0.013819513842463493
0.013811897486448288
0.013804269954562187
0.013796672224998474
0.01378909032791853
0.013781565241515636
0.013774030841886997
0.013766612857580185
0.01375920046120882
0.013751755468547344
0.013744398951530457
0.0137370266020298
0.013729731552302837
0.01372242160141468
0.013715188950300217
0.013707935810089111
0.013700662180781364
0.01369345560669899
0.013686178252100945
0.013678993098437786
0.013671795837581158
0.013664623722434044
0.013657506555318832
0.01365039125084877
0.013643378391861916
0.013636342249810696
0.01362940575927496
0.013622496277093887
0.013615614734590054
0.013608844019472599
0.01360212080180645
0.013595499098300934
0.01358890999108553
0.013582346960902214
0.013575832359492779
0.013569352217018604
0.013562963344156742
0.013556634075939655
0.01355036161839962
0.013544089160859585
0.013537862338125706
0.013531639240682125
0.013525444082915783
0.013519305735826492
0.013513242825865746
0.013507263734936714
0.01350144762545824
0.013495823368430138
0.0134904645383358
0.01348539162427187
0.013480202294886112
0.013474070467054844
0.013466615229845047
0.013458224944770336
0.013449317775666714
0.013440181501209736
0.013430978171527386
0.013421799056231976
0.013412672095000744
0.013403516262769699
0.013394360430538654
0.013385244645178318
0.013376212678849697
0.013367398642003536
0.013360066339373589
0.013351542875170708
0.013341500423848629
0.013331200927495956
0.013320693746209145
0.013310087844729424
0.013299389742314816
0.013288662768900394
0.013277898542582989
0.01326705515384674
0.013256130740046501
0.01324518397450447
0.013234119862318039
0.013223115354776382
0.013212142512202263
0.013201132416725159
0.01319004688411951
0.01317889429628849
0.013167699798941612
0.01315651461482048
0.013145355507731438
0.013134217821061611
0.013123138807713985
0.013112080283463001
0.0131010040640831
0.013090000487864017
0.013079062104225159
0.013068237341940403
0.013057463802397251
0.013046709820628166
0.01303602010011673
0.01302541047334671
0.013014916330575943
0.013004501350224018
0.012994150631129742
0.012983907014131546
0.012973666191101074
0.012963528744876385
0.012953421100974083
0.012943344190716743
0.01293333899229765
0.0129234092310071
0.012913491576910019
0.012903714552521706
0.012893959879875183
0.012884295545518398
0.012874736450612545
0.012865234166383743
0.012855791486799717
0.01284638699144125
0.012837126851081848
0.01282791793346405
0.012818851508200169
0.01280987448990345
0.012800987809896469
0.012792150489985943
0.012783374637365341
0.012774654664099216
0.012765930965542793
0.012757242657244205
0.012748491019010544
0.012739899568259716
0.012731414288282394
0.012723064050078392
0.012714868411421776
0.012706809677183628
0.012698846869170666
0.012690955772995949
0.012683008797466755
0.012675127014517784
0.01266733929514885
0.012659618631005287
0.01265194546431303
0.012644411996006966
0.01263698935508728
0.012629694305360317
0.012622534297406673
0.012615413405001163
0.012608380056917667
0.012601363472640514
0.012594331987202168
0.012587303295731544
0.012580357491970062
0.01257357094436884
0.012566903606057167
0.012560313567519188
0.012553778477013111
0.012547272257506847
0.0125407250598073
0.01253402978181839
0.012527504935860634
0.01252121850848198
0.012515154667198658
0.01250916626304388
0.012503212317824364
0.012497354298830032
0.012491668574512005
0.012486027553677559
0.012480415403842926
0.012474870309233665
0.012469320558011532
0.012463469989597797
0.012457640841603279
0.012452077120542526
0.012446613982319832
0.012441219761967659
0.012435710057616234
0.012430249713361263
0.01242494024336338
0.012419651262462139
0.012414326891303062
0.012408902868628502
0.012403617613017559
0.012398536317050457
0.012393457815051079
0.012388274073600769
0.012382985092699528
0.012377727776765823
0.012372555211186409
0.012367334216833115
0.012362102046608925
0.012356904335319996
0.01235161628574133
0.012346237897872925
0.012340857647359371
0.012335505336523056
0.01233005803078413
0.012324566021561623
0.012319018132984638
0.012313459999859333
0.012308020144701004
0.012302516028285027
0.012296919710934162
0.012291326187551022
0.012285646982491016
0.012280024588108063
0.012274490669369698
0.012268981896340847
0.01226348988711834
0.01225792896002531
0.012252339161932468
0.012246782891452312
0.012241252698004246
0.012235717847943306
0.0122301010414958
0.012224391102790833
0.012218724936246872
0.01221308670938015
0.012207518331706524
0.012202024459838867
0.012196569703519344
0.012191003188490868
0.012185350991785526
0.012179738841950893
0.012174130417406559
0.012168433517217636
0.012162716127932072
0.012157094664871693
0.012151562608778477
0.012145969085395336
0.012140263803303242
0.012134580872952938
0.012128973379731178
0.012123378925025463
0.012117787264287472
0.012112205848097801
0.012106535956263542
0.012100840918719769
0.012095226906239986
0.012089535593986511
0.012084023095667362
0.012078492902219296
0.012072882615029812
0.01206719595938921
0.01206146739423275
0.01205581333488226
0.01205037534236908
0.012044982984662056
0.012039420194923878
0.012033811770379543
0.012028325349092484
0.012022723443806171
0.012017142958939075
0.01201166957616806
0.012006253935396671
0.01200076937675476
0.01199526060372591
0.011989784426987171
0.011984353885054588
0.011978983879089355
0.0119735486805439
0.011968137696385384
0.01196274347603321
0.011957382783293724
0.011951988562941551
0.011946670711040497
0.011941362172365189
0.011936119757592678
0.011930922046303749
0.011925622820854187
0.011920263059437275
0.01191495731472969
0.011909733526408672
0.01190473884344101
0.01189971249550581
0.011894534341990948
0.011889372952282429
0.011884256266057491
0.011879061348736286
0.011874012649059296
0.011869105510413647
0.011864173226058483
0.011859185993671417
0.0118541419506073
0.011849128641188145
0.011844300664961338
0.011839517392218113
0.011834686622023582
0.011829860508441925
0.011825074441730976
0.01182025857269764
0.011815509758889675
0.011810768395662308
0.011806043796241283
0.011801407672464848
0.011796759441494942
0.011792130768299103
0.01178754772990942
0.011783010326325893
0.011778466403484344
0.011773872189223766
0.011769323609769344
0.011764823459088802
0.011760350316762924
0.011755970306694508
0.011751552112400532
0.011747034266591072
0.011742517352104187
0.01173801627010107
0.01173344161361456
0.011728857643902302
0.011724310927093029
0.011719782836735249
0.011715339496731758
0.011710844933986664
0.011706240475177765
0.01170158851891756
0.011696921661496162
0.011692260392010212
0.011687634512782097
0.011682972311973572
0.011678311042487621
0.01167363952845335
0.011668914929032326
0.011664105579257011
0.011659237556159496
0.011654432862997055
0.011649584397673607
0.011644761078059673
0.011639919131994247
0.01163504458963871
0.011630198918282986
0.01162542775273323
0.011620679870247841
0.01161604467779398
0.011611392721533775
0.011606747284531593
0.011602112092077732
0.011597484350204468
0.011592858470976353
0.011588170193135738
0.011583498679101467
0.011578730307519436
0.011574024334549904
0.011569301597774029
0.011564637534320354
0.011560037732124329
0.011555418372154236
0.011550803668797016
0.011546196416020393
0.011541629210114479
0.011537065729498863
0.011532516218721867
0.01152794435620308
0.011523312889039516
0.011518591083586216
0.011513832956552505
0.011509070172905922
0.011504186317324638
0.011499240063130856
0.01149421650916338
0.011489183641970158
0.01148403249680996
0.011478747241199017
0.011473478749394417
0.01146823912858963
0.011463000439107418
0.011457713320851326
0.01145240943878889
0.011447030119597912
0.01144158374518156
0.011436051689088345
0.011430359445512295
0.011424560099840164
0.011418648064136505
0.011412636376917362
0.01140657626092434
0.011400433257222176
0.011394244618713856
0.011387929320335388
0.011381536722183228
0.011375044472515583
0.011368590407073498
0.011361991986632347
0.011355292983353138
0.011348463594913483
0.011341520585119724
0.011334468610584736
0.011327329091727734
0.01132015697658062
0.011312882415950298
0.011305486783385277
0.011297988705337048
0.011290526948869228
0.011282965540885925
0.01127538550645113
0.01126779243350029
0.011260139755904675
0.011252401396632195
0.011244614608585835
0.011236796155571938
0.011228947900235653
0.011221054941415787
0.011213153600692749
0.011205187067389488
0.011197201907634735
0.011189202778041363
0.011181158013641834
0.011173116974532604
0.011165077798068523
0.011156945489346981
0.011148838326334953
0.011140681803226471
0.011132471263408661
0.011124338954687119
0.011116182431578636
0.011108104139566422
0.011100039817392826
0.011091932654380798
0.011083794757723808
0.011075595393776894
0.011067376472055912
0.01105914544314146
0.011050965636968613
0.01104279700666666
0.01103465911000967
0.011026513762772083
0.011018365621566772
0.011010236106812954
0.011002096347510815
0.010993994772434235
0.01098590437322855
0.010977821424603462
0.010969714261591434
0.010961613617837429
0.01095350831747055
0.010945407673716545
0.010937271639704704
0.010929166339337826
0.010921030305325985
0.010912908241152763
0.010904813185334206
0.01089675072580576
0.010888677090406418
0.010880610905587673
0.010872556827962399
0.01086452417075634
0.010856466367840767
0.0108484560623765
0.01084045972675085
0.01083242055028677
0.010824425145983696
0.010816426016390324
0.01080843061208725
0.010800428688526154
0.010792449116706848
0.010784470476210117
0.010776483453810215
0.010768494568765163
0.010760519653558731
0.01075251866132021
0.01074451394379139
0.01073653157800436
0.010728524066507816
0.010720491409301758
0.010712476447224617
0.010704442858695984
0.010696410201489925
0.010688364505767822
0.010680291801691055
0.010672234930098057
0.0106641361489892
0.010656042024493217
0.01064789667725563
0.010639728978276253
0.010631583631038666
0.010623421519994736
0.010615215636789799
0.010606983676552773
0.01059874240309
0.010590480640530586
0.010582168586552143
0.010573861189186573
0.010565523989498615
0.010557173751294613
0.010548792779445648
0.010540388524532318
0.010531957261264324
0.01052351389080286
0.010515064001083374
0.01050660666078329
0.01049811765551567
0.010489625856280327
0.010481123812496662
0.010472637601196766
0.01046412717550993
0.010455653071403503
0.010447186417877674
0.010438716970384121
0.010430296882987022
0.010421877726912498
0.010413514450192451
0.010405183769762516
0.010396902449429035
0.010388669557869434
0.010380499996244907
0.0103724030777812
0.010364375077188015
0.010356497019529343
0.010348626412451267
0.010340865701436996
0.010333226062357426
0.010325644165277481
0.010318096727132797
0.01031060516834259
0.010303108021616936
0.010295605286955833
0.010288053192198277
0.010280447080731392
0.010272778570652008
0.010265014134347439
0.01025717705488205
0.010249248705804348
0.010241243988275528
0.010233168490231037
0.010225055739283562
0.01021689921617508
0.010208705440163612
0.01020048651844263
0.010192259214818478
0.010184068232774734
0.010175824165344238
0.010167617350816727
0.010159440338611603
0.010151269845664501
0.010143130086362362
0.010135003365576267
0.010126898996531963
0.01011882908642292
0.01011078990995884
0.01010278332978487
0.010094808414578438
0.010086866095662117
0.010078954510390759
0.010071070864796638
0.01006323006004095
0.01005540881305933
0.010047659277915955
0.010039938613772392
0.010032218880951405
0.010024555027484894
0.010016935877501965
0.010009321384131908
0.010001798160374165
0.009994261898100376
0.009986774995923042
0.009979343973100185
0.009971920400857925
0.0099645322188735
0.009957185946404934
0.009949866682291031
0.009942572563886642
0.009935334324836731
0.009928103536367416
0.00992090068757534
0.009913734160363674
0.009906587190926075
0.009899481199681759
0.009892403148114681
0.00988535676151514
0.009878339245915413
0.009871342219412327
0.009864411316812038
0.009857488796114922
0.00985061563551426
0.009843775071203709
0.009836978279054165
0.00983022153377533
0.009823514148592949
0.009816848672926426
0.009810230694711208
0.009803643450140953
0.009797075763344765
0.009790602140128613
0.009784150868654251
0.009777739644050598
0.009771385230123997
0.009765086695551872
0.00975883100181818
0.009752633050084114
0.009746462106704712
0.00974033772945404
0.009734301827847958
0.0097282649949193
0.009722315706312656
0.009716369211673737
0.009710479527711868
0.009704669937491417
0.009698891080915928
0.009693126194179058
0.009687424637377262
0.00968177616596222
0.009676163084805012
0.00967058353126049
0.009665023535490036
0.009659523144364357
0.00965404324233532
0.009648584760725498
0.009643170051276684
0.009637775830924511
0.009632409550249577
0.009627065621316433
0.009621706791222095
0.009616393595933914
0.009611047804355621
0.0096057103946805
0.009600348770618439
0.009595019742846489
0.009589692577719688
0.00958432536572218
0.009578992612659931
0.00957361701875925
0.009568230248987675
0.00956281553953886
0.009557387791574001
0.009551970288157463
0.00954657606780529
0.009541144594550133
0.009535755030810833
0.009530373848974705
0.009525010362267494
0.0095196682959795
0.009514299221336842
0.009508900344371796
0.009503410197794437
0.009497868828475475
0.009492293931543827
0.009486690163612366
0.009481070563197136
0.009475447237491608
0.009469842538237572
0.009464229457080364
0.009458677843213081
0.00945320725440979
0.009447931312024593
0.009442729875445366
0.009437439031898975
0.009431948885321617
0.009426523000001907
0.009421262890100479
0.009416154585778713
0.009411185048520565
0.009406170807778835
0.009401085786521435
0.009395981207489967
0.009390796534717083
0.009385590441524982
0.009380442090332508
0.009375270456075668
0.009370164945721626
0.009365024045109749
0.009359926916658878
0.009354932233691216
0.009349999018013477
0.009345115162432194
0.009340266697108746
0.009335403330624104
0.009330535307526588
0.009325684048235416
0.009320829063653946
0.00931602530181408
0.009311205707490444
0.009306392632424831
0.009301631711423397
0.009296875447034836
0.009292137809097767
0.0092873964458704
0.009282669983804226
0.009277946315705776
0.009273219853639603
0.009268508292734623
0.009263833053410053
0.009259128011763096
0.009254398755729198
0.009249740280210972
0.009245005436241627
0.009240410290658474
0.00923585519194603
0.009231336414813995
0.009226799011230469
0.009222274646162987
0.009217744693160057
0.009213225916028023
0.009208723902702332
0.009204184636473656
0.009199637919664383
0.009195143356919289
0.009190629236400127
0.009186199866235256
0.009181800298392773
0.009177408181130886
0.009173032827675343
0.009168685413897038
0.00916434545069933
0.009160023182630539
0.009155651554465294
0.009151292033493519
0.00914690550416708
0.009142542257905006
0.009138235822319984
0.009133896790444851
0.009129589423537254
0.009125341661274433
0.009121086448431015
0.009116888046264648
0.00911262258887291
0.009108416736125946
0.009104222990572453
0.009100092574954033
0.009096027351915836
0.00909198634326458
0.0090879425406456
0.009083940647542477
0.009079914540052414
0.009075844660401344
0.009071745909750462
0.009067576378583908
0.009063483215868473
0.009059363044798374
0.009055208414793015
0.00905109103769064
0.009046986699104309
0.00904284231364727
0.009038755670189857
0.009034683927893639
0.009030657820403576
0.009026716463267803
0.009022661484777927
0.009018677286803722
0.009014724753797054
0.00901084952056408
0.009006941691040993
0.00900307297706604
0.008999260142445564
0.008995430544018745
0.008991561830043793
0.008987699635326862
0.00898384302854538
0.008979994803667068
0.008976162411272526
0.0089723514392972
0.00896859634667635
0.008964748121798038
0.008960905484855175
0.008957069367170334
0.00895326491445303
0.008949452079832554
0.008945642039179802
0.008941837586462498
0.008938058279454708
0.008934331126511097
0.00893058069050312
0.008926902897655964
0.008923166431486607
0.008919444866478443
0.008915738202631474
0.008912100456655025
0.008908412419259548
0.00890480075031519
0.008901220746338367
0.008897644467651844
0.008893993683159351
0.00889035314321518
0.008886659517884254
0.008882996626198292
0.008879351429641247
0.00887568760663271
0.008872022852301598
0.008868398144841194
0.008864820934832096
0.008861206471920013
0.008857627399265766
0.008854064159095287
0.008850540965795517
0.008846982382237911
0.00884341448545456
0.008839798159897327
0.008836277760565281
0.008832775987684727
0.008829260244965553
0.008825751021504402
0.008822187781333923
0.008818630129098892
0.008815137669444084
0.00881165824830532
0.008808202110230923
0.00880474504083395
0.008801276795566082
0.00879778154194355
0.008794326335191727
0.008790872991085052
0.008787441998720169
0.008783994242548943
0.00878057349473238
0.008777244947850704
0.00877389870584011
0.008770636282861233
0.008767250925302505
0.008763764053583145
0.008760321885347366
0.008756949566304684
0.008753647096455097
0.008750341832637787
0.008747010491788387
0.00874365959316492
0.008740304969251156
0.008736950345337391
0.008733564056456089
0.00873017031699419
0.008726774714887142
0.008723394013941288
0.00871997233480215
0.008716566488146782
0.008713217452168465
0.008709888905286789
0.008706584572792053
0.008703283965587616
0.008699975907802582
0.008696647360920906
0.00869330670684576
0.008689927868545055
0.008686546236276627
0.008683168329298496
0.008679814636707306
0.008676426485180855
0.008673050440847874
0.008673050440847874
