0.06520900875329971
0.05570320785045624
0.055162809789180756
0.05120643973350525
0.04928305745124817
0.04960634186863899
0.04831545054912567
0.04810166358947754
0.04729257896542549
0.04766308516263962
0.047610800713300705
0.046808693557977676
0.048320163041353226
0.04835932329297066
0.04725179076194763
0.04750531166791916
0.04622890427708626
0.046131934970617294
0.04624856635928154
0.046245694160461426
0.045542530715465546
0.04638199880719185
0.045544981956481934
0.0460541807115078
0.04555013030767441
0.04553832858800888
0.04533359780907631
0.04703746363520622
0.04608488455414772
0.04525933414697647
0.04510234296321869
0.04653676226735115
0.04569312557578087
0.04603429511189461
0.046271421015262604
0.045088380575180054
0.04523364454507828
0.0459170863032341
0.046227145940065384
0.045972682535648346
0.044261422008275986
0.04435377195477486
0.046944186091423035
0.047291480004787445
0.045849449932575226
0.04706018418073654
0.04365013539791107
0.0444636195898056
0.04430648311972618
0.045238692313432693
0.0448138527572155
0.04359763488173485
0.043255675584077835
0.043988291174173355
0.043618783354759216
0.04462623596191406
0.04435892775654793
0.043923519551754
0.04374202340841293
0.04352978989481926
0.04337024688720703
0.04355888441205025
0.04331447184085846
0.04355107620358467
0.043680865317583084
0.043737057596445084
0.04387761279940605
0.0435846708714962
0.043652478605508804
0.043442994356155396
0.04273129999637604
0.04391956701874733
0.04295692592859268
0.04312270134687424
0.042846210300922394
0.04312904179096222
0.042982786893844604
0.0441051609814167
0.04357060045003891
0.043501295149326324
0.04296175017952919
0.04352765157818794
0.043219663202762604
0.04335986077785492
0.042745914310216904
0.04327988624572754
0.04301903769373894
0.04313168302178383
0.042869895696640015
0.04326188564300537
0.04313722997903824
0.043109070509672165
0.04274775832891464
0.04273045063018799
0.04289884492754936
0.042700767517089844
0.042531415820121765
0.04237661510705948
0.04255378991365433
0.042757343500852585
0.04237661510705948
