0.05092993751168251
0.03766945004463196
0.026850014925003052
0.026699742302298546
0.026856709271669388
0.02668796107172966
0.026044635102152824
0.025784241035580635
0.022568633779883385
0.021090863272547722
0.017729025334119797
0.017942283302545547
0.016533561050891876
0.017421508207917213
0.017510224133729935
0.01715344935655594
0.01587262935936451
0.017325270920991898
0.016317732632160187
0.016239464282989502
0.01612415350973606
0.015360206365585327
0.016677727922797203
0.015327474102377892
0.015108373016119003
0.015292184427380562
0.015274932608008385
0.013953088782727718
0.014444306492805481
0.014552180655300617
0.014181052334606647
0.0143649373203516
0.014327420853078365
0.015030676499009132
0.013953189365565777
0.015071140602231026
0.013707593083381653
0.013117820024490356
0.01363461371511221
0.01462159026414156
0.013285324908792973
0.014432733878493309
0.012877125293016434
0.01298426277935505
0.01297082006931305
0.01279557216912508
0.012839681468904018
0.012436041608452797
0.012322837486863136
0.012402043677866459
0.011772220022976398
0.011932706460356712
0.012384560890495777
0.01182556338608265
0.011345721781253815
0.011641052551567554
0.011308107525110245
0.01133845467120409
0.011190795339643955
0.011263071559369564
0.011472100391983986
0.011258288286626339
0.011076240800321102
0.01158292405307293
0.01141358632594347
0.010716011747717857
0.011060421355068684
0.01095476746559143
0.010583864524960518
0.010509878396987915
0.01024044118821621
0.010472781024873257
0.010301371105015278
0.010156325064599514
0.010216922499239445
0.010135332122445107
0.010041894391179085
0.009982769377529621
0.009935778565704823
0.009922836907207966
0.010026223957538605
0.009500793181359768
0.009926917962729931
0.009917900897562504
0.009713951498270035
0.009674333035945892
0.009825406596064568
0.009585578925907612
0.009553457610309124
0.009560437873005867
0.009661739692091942
0.00970496516674757
0.009402703493833542
0.009398505091667175
0.009426265023648739
0.009405165910720825
0.009148390963673592
0.00918828696012497
0.0093925092369318
0.009359000250697136
0.009016883559525013
0.009007466956973076
0.008883439935743809
0.008933380246162415
0.008839859627187252
0.00889043603092432
0.008859333582222462
0.008667238987982273
0.008705666288733482
0.00853935070335865
0.00848474632948637
0.00841041561216116
0.008374929428100586
0.008262906223535538
0.008259676396846771
0.008338713087141514
0.008383974432945251
0.008409064263105392
0.008432203903794289
0.008297255262732506
0.0083549739792943
0.008266478776931763
0.008197734132409096
0.008174982853233814
0.008171440102159977
0.008220197632908821
0.008163447491824627
0.008190030232071877
0.008077725768089294
0.008074646815657616
0.008008699864149094
0.008001967333257198
0.008032053709030151
0.0079431664198637
0.007948744110763073
0.007906279526650906
0.007908301427960396
0.00783445406705141
0.007825620472431183
0.007738665211945772
0.007756689563393593
0.0076859681867063046
0.00771049689501524
0.007666796445846558
0.007681114599108696
0.007640504743903875
0.0076428549364209175
0.007638978306204081
0.007608784828335047
0.007587114814668894
0.007559564430266619
0.007530459202826023
0.007494524586945772
0.0074907271191477776
0.0074556791223585606
0.0074409847147762775
0.007444505579769611
0.007433296646922827
0.007406588643789291
0.007418747525662184
0.007439939770847559
0.007449202239513397
0.007460812106728554
0.00748370960354805
0.007436044048517942
0.007429895456880331
0.007423700764775276
0.00743067404255271
0.007433984894305468
0.007426865864545107
0.007416965439915657
0.007411045953631401
0.007407960947602987
0.007378396578133106
0.007361767813563347
0.007355170324444771
0.007312652189284563
0.007319354452192783
0.007281898055225611
0.007288884371519089
0.007247298955917358
0.007215860299766064
0.007198878098279238
0.007179198320955038
0.007158462889492512
0.007102489937096834
0.007085699122399092
0.007038526702672243
0.007032210938632488
0.007027874700725079
0.006994463037699461
0.0069716693833470345
0.006956222467124462
0.006925090216100216
0.006897608749568462
0.00687083974480629
0.006857248023152351
0.006825895048677921
0.0068123298697173595
0.006778086069971323
0.006732267793267965
0.0067227729596197605
0.006713320966809988
0.0066931662149727345
0.006676951888948679
0.006649946328252554
0.006629005074501038
0.006615469232201576
0.006600411608815193
0.0065790945664048195
0.006574805825948715
0.00656878063455224
0.006567484699189663
0.0065474542789161205
0.0065192049369215965
0.00653234776109457
0.006519448012113571
0.006519747897982597
0.0065122866071760654
0.006501599680632353
0.006483526434749365
0.006470203399658203
0.006466777995228767
0.006458182819187641
0.006432018708437681
0.006446989253163338
0.006435635033994913
0.006412386894226074
0.006388837471604347
0.006382270250469446
0.006365770474076271
0.006356407888233662
0.00634712353348732
0.006338848266750574
0.006347729824483395
0.006337382365018129
0.006340471561998129
0.006314762867987156
0.00631477776914835
0.006295628845691681
0.006296379957348108
0.006286527495831251
0.006270969286561012
0.006258686538785696
0.0062517025507986546
0.006246968172490597
0.006232574116438627
0.0062183509580791
0.006214376073330641
0.006203101947903633
0.006202179938554764
0.0061904978938400745
0.00618783850222826
0.006182757206261158
0.0061718737706542015
0.006164103746414185
0.0061538489535450935
0.006154168862849474
0.006150917150080204
0.006131983362138271
0.006116201635450125
0.006110345479100943
0.006087469402700663
0.006053469609469175
0.006047186907380819
0.006024254485964775
0.006023067981004715
0.005997512489557266
0.005987066775560379
0.00597775774076581
0.005960187409073114
0.005953738931566477
0.005935783497989178
0.005921430420130491
0.005906940437853336
0.005905542988330126
0.005883017089217901
0.005881751887500286
0.005862359888851643
0.005851490423083305
0.005846207961440086
0.005831267684698105
0.005827807821333408
0.005817469675093889
0.005804099142551422
0.005800516810268164
0.005783879663795233
0.005773605778813362
0.0057657938450574875
0.00575391435995698
0.005744458641856909
0.005731581710278988
0.005721875932067633
0.00572170177474618
0.005709020420908928
0.005696558393537998
0.005686875898391008
0.005678006913512945
0.005667559336870909
0.005662429612129927
0.005651925224810839
0.005643066018819809
0.005634598899632692
0.0056228600442409515
0.005613255314528942
0.0055997599847614765
0.005593225825577974
0.005581097677350044
0.005564535036683083
0.005549336783587933
0.005534911993891001
0.0055257114581763744
0.005510739516466856
0.0055021243169903755
0.005487384740263224
0.005470939911901951
0.00545489601790905
0.00543852848932147
0.005422824062407017
0.005407680291682482
0.005388080142438412
0.00537587096914649
0.005359939765185118
0.0053507606498897076
0.005339695140719414
0.005332121159881353
0.005322103854268789
0.005314510781317949
0.005306967068463564
0.005299472250044346
0.005292403046041727
0.005285258870571852
0.00527875917032361
0.005274648778140545
0.005265742540359497
0.005259193014353514
0.005252656992524862
0.005245788022875786
0.0052411314100027084
0.005235388409346342
0.005227052140980959
0.0052186562679708
0.005215043667703867
0.005208942107856274
0.005206672474741936
0.0051981913857162
0.005188186652958393
0.0051846932619810104
0.00517733208835125
0.0051726531237363815
0.005167240742594004
0.00515862088650465
0.005154151935130358
0.005150472279638052
0.005141510162502527
0.005134349688887596
0.005127714481204748
0.005119647830724716
0.00511380797252059
0.0051021883264184
0.005090577527880669
0.005086145829409361
0.005076417699456215
0.005068807862699032
0.005061240401118994
0.005052029620856047
0.00504107354208827
0.005029216408729553
0.005015729460865259
0.005007305648177862
0.004999082535505295
0.004993499722331762
0.004984684754163027
0.004977168049663305
0.00497125368565321
0.004967689514160156
0.004966237116605043
0.004963890183717012
0.004962131846696138
0.004955990705639124
0.004951632581651211
0.004941732157021761
0.004940266255289316
0.0049363491125404835
0.004929129034280777
0.004925376735627651
0.004920656327158213
0.0049131643027067184
0.004908200353384018
0.004905594512820244
0.00490502268075943
0.004902707878500223
0.004898716229945421
0.00489445636048913
0.004891756922006607
0.0048806509003043175
0.004875830840319395
0.0048670656979084015
0.0048662577755749226
0.00486436951905489
0.004859367851167917
0.004860118497163057
0.004854775499552488
0.004851141944527626
0.00484360009431839
0.004839627537876368
0.00483501935377717
0.0048338985070586205
0.004831244703382254
0.004825207404792309
0.00481936801224947
0.00481953751295805
0.004819623660296202
0.004820721689611673
0.0048196641728281975
0.0048178620636463165
0.004805614240467548
0.0048035928048193455
0.0047983815893530846
0.00479773199185729
0.004797035362571478
0.004788320045918226
0.004781397525221109
0.004780471790581942
0.004779528826475143
0.0047717103734612465
0.00477635720744729
0.0047724442556500435
0.004762968048453331
0.0047608716413378716
0.004755700938403606
0.004752679727971554
0.004754426423460245
0.004753709305077791
0.004746600985527039
0.004743174649775028
0.004736778791993856
0.004730298183858395
0.004724844358861446
0.004722693935036659
0.0047181881964206696
0.004711604677140713
0.0047071147710084915
0.0047031184658408165
0.004696296993643045
0.004688200540840626
0.004684675484895706
0.004677693359553814
0.004677000921219587
0.004666539840400219
0.004662774503231049
0.004656505770981312
0.0046557108871638775
0.004647467751055956
0.004644541535526514
0.004641357343643904
0.00462964316830039
0.004626242909580469
0.0046233139000833035
0.004619092680513859
0.004613465163856745
0.004608156159520149
0.004604786168783903
0.0045977323316037655
0.004591480828821659
0.004584027454257011
0.004577631130814552
0.004573598504066467
0.004568237345665693
0.004564145114272833
0.0045580752193927765
0.0045572430826723576
0.004549828357994556
0.004545416682958603
0.00453906087204814
0.004536392167210579
0.004532738123089075
0.004525006283074617
0.004520058631896973
0.0045160516165196896
0.004510288592427969
0.004507309291511774
0.004502395633608103
0.004493712913244963
0.0044915457256138325
0.004483437165617943
0.004480460658669472
0.00448168208822608
0.00447360472753644
0.004465306643396616
0.004462280310690403
0.004455989226698875
0.004450205247849226
0.004446438979357481
0.00444260286167264
0.004437718540430069
0.00443230802193284
0.0044278111308813095
0.0044218734838068485
0.004419615026563406
0.0044145286083221436
0.0044089374132454395
0.00440698117017746
0.004406559281051159
0.004404097329825163
0.004402736201882362
0.004402042832225561
0.004397011362016201
0.0043917130678892136
0.004388112109154463
0.004384474363178015
0.00438108341768384
0.004378040321171284
0.004371654707938433
0.004366236738860607
0.004367117304354906
0.004359228536486626
0.004355319309979677
0.0043467991054058075
0.004348365589976311
0.004341414198279381
0.004339259583503008
0.004332449287176132
0.004326879978179932
0.004322403110563755
0.004321786109358072
0.004313853103667498
0.0043117995373904705
0.004309949930757284
0.004301436711102724
0.004298039712011814
0.004291255958378315
0.004286621231585741
0.004283079877495766
0.004278716165572405
0.0042724343948066235
0.0042686001397669315
0.004261787049472332
0.0042614103294909
0.004258355591446161
0.0042528314515948296
0.004245898220688105
0.004241214599460363
0.004237455781549215
0.0042357840575277805
0.004231302998960018
0.004224055912345648
0.004220249131321907
0.0042168861255049706
0.0042120409198105335
0.004206606186926365
0.004205687902867794
0.004199291579425335
0.004196056630462408
0.004193512722849846
0.004185367375612259
0.004180273041129112
0.00418024230748415
0.004174186382442713
0.004169758874922991
0.004165170714259148
0.004161116201430559
0.004155730828642845
0.004151451401412487
0.004147907253354788
0.004142982419580221
0.004138966556638479
0.00413519237190485
0.004128555301576853
0.004129794891923666
0.004121575970202684
0.004116589669138193
0.004109720699489117
0.0041071344166994095
0.004103460349142551
0.004099089186638594
0.004094868898391724
0.004090902395546436
0.004085747059434652
0.004082043189555407
0.004077933728694916
0.004072259645909071
0.004068745765835047
0.004064083565026522
0.004060122650116682
0.0040542506612837315
0.004048858303576708
0.004044700413942337
0.004039627034217119
0.004034401383250952
0.004028941970318556
0.004025056026875973
0.0040202937088906765
0.004016731400042772
0.004012576770037413
0.004011625424027443
0.004004715010523796
0.004000464919954538
0.003995741251856089
0.003991841804236174
0.003987071570008993
0.0039827898144721985
0.003978613764047623
0.003974428866058588
0.003971141297370195
0.003965383395552635
0.003964692819863558
0.003959606867283583
0.0039554438553750515
0.003953150939196348
0.003947419114410877
0.003943722695112228
0.003939663525670767
0.003937012515962124
0.003932302817702293
0.003928746562451124
0.003923980053514242
0.003919792361557484
0.0039183772169053555
0.003916299901902676
0.003911308478564024
0.0039072479121387005
0.0039044383447617292
0.003902160096913576
0.003900506068021059
0.0038971654139459133
0.003894227556884289
0.0038922815583646297
0.003887917846441269
0.003883600700646639
0.003881205338984728
0.003878980176523328
0.003875338938087225
0.003872398054227233
0.0038691346999257803
0.003865912090986967
0.0038638608530163765
0.0038612307980656624
0.003859658958390355
0.0038557196967303753
0.0038535629864782095
0.00384968938305974
0.003848565509542823
0.003844545455649495
0.003841930069029331
0.0038404976949095726
0.003840002464130521
0.003834594041109085
0.0038318319711834192
0.0038289616350084543
0.0038235390093177557
0.0038170102052390575
0.0038107784930616617
0.0038073938339948654
0.003805531421676278
0.0038051430601626635
0.00380189111456275
0.0037978284526616335
0.0037941276095807552
0.0037921436596661806
0.0037904921919107437
0.0037875203415751457
0.0037849373184144497
0.0037827719934284687
0.0037796953693032265
0.0037774727679789066
0.003776130499318242
0.0037724182475358248
0.003770295297726989
0.003767838701605797
0.0037635229527950287
0.0037597755435854197
0.003757094033062458
0.003752818563953042
0.0037501335609704256
0.003747126553207636
0.003745672758668661
0.0037428776267915964
0.0037394710816442966
0.0037361953873187304
0.003734356025233865
0.0037320563569664955
0.003729487769305706
0.003728550625964999
0.003725577611476183
0.0037244418635964394
0.003722802735865116
0.0037203915417194366
0.003718573832884431
0.003715330734848976
0.0037140122149139643
0.0037139395717531443
0.003711314871907234
0.003709546523168683
0.003707731608301401
0.0037060915492475033
0.003704956267029047
0.003703489899635315
0.003702223766595125
0.003698970191180706
0.0036971610970795155
0.003696076339110732
0.003693163627758622
0.0036919850390404463
0.003690357320010662
0.0036884681321680546
0.003687042510136962
0.003686466719955206
0.0036857628729194403
0.0036832259502261877
0.0036820454988628626
0.0036782503593713045
0.0036786221899092197
0.0036758962087333202
0.0036743306554853916
0.0036710011772811413
0.003668824676424265
0.003667750395834446
0.0036654926370829344
0.0036652355920523405
0.0036637100856751204
0.0036619228776544333
0.0036603715270757675
0.0036594157572835684
0.0036572737153619528
0.003654830390587449
0.003653499763458967
0.0036532410886138678
0.003651237580925226
0.0036495716776698828
0.003647893900051713
0.0036461162380874157
0.003645204473286867
0.0036429171450436115
0.0036419774405658245
0.0036413688212633133
0.0036399494856595993
0.003637125017121434
0.0036351357121020555
0.0036329301074147224
0.003632875857874751
0.003631128463894129
0.003629742655903101
0.0036273656878620386
0.00362573005259037
0.003623821074143052
0.0036214457359164953
0.003622069489210844
0.003619485767558217
0.0036162373144179583
0.003615336259827018
0.0036142924800515175
0.0036120519507676363
0.0036115392576903105
0.0036089823115617037
0.003606763668358326
0.003605774836614728
0.003603824879974127
0.003602324053645134
0.0036011538468301296
0.0035988064482808113
0.0035956688225269318
0.0035943593829870224
0.0035938487853854895
0.0035923151299357414
0.0035915051121264696
0.0035882925149053335
0.003587121609598398
0.0035870273131877184
0.0035843830555677414
0.003583040088415146
0.0035822512581944466
0.0035801224876195192
0.00357828289270401
0.0035763755440711975
0.003576052375137806
0.0035741515457630157
0.0035740237217396498
0.003571548731997609
0.0035698302090168
0.0035690704826265574
0.0035681575536727905
0.0035668141208589077
0.003565526567399502
0.003564943326637149
0.0035644329618662596
0.0035633614752441645
0.0035603351425379515
0.003561724442988634
0.0035605046432465315
0.0035593747161328793
0.0035583784338086843
0.0035571225453168154
0.003555877832695842
0.0035550869069993496
0.0035527378786355257
0.0035531779285520315
0.003550867782905698
0.0035485345870256424
0.0035479997750371695
0.003546288935467601
0.003544803475961089
0.003544897073879838
0.0035444069653749466
0.003542899852618575
0.0035406132228672504
0.003540023695677519
0.003537301439791918
0.003537617390975356
0.003535826690495014
0.003534729592502117
0.003532100236043334
0.0035313805565238
0.003529519774019718
0.0035289230290800333
0.0035297751892358065
0.0035267199855297804
0.0035251479130238295
0.0035233856178820133
0.0035223565064370632
0.0035199655685573816
0.003519322257488966
0.0035175932571291924
0.0035165720619261265
0.003516177646815777
0.003516265656799078
0.003513998119160533
0.0035120942629873753
0.0035119608510285616
0.003510573646053672
0.0035087037831544876
0.003505527973175049
0.003504854394122958
0.0035029416903853416
0.003502894891425967
0.003501247614622116
0.00350035447627306
0.0034990019630640745
0.0034963113721460104
0.003495738608762622
0.003494035452604294
0.0034924237988889217
0.003491978393867612
0.0034913078416138887
0.0034886756911873817
0.0034868144430220127
0.003483998589217663
0.0034830563236027956
0.0034818295389413834
0.0034810618963092566
0.0034779594279825687
0.0034768639598041773
0.0034763808362185955
0.0034744886215776205
0.003472808515653014
0.003472141921520233
0.0034708837047219276
0.0034702064003795385
0.0034692841582000256
0.003467013593763113
0.003467635018751025
0.0034648063592612743
0.003464248264208436
0.003462425200268626
0.0034611846785992384
0.0034598596394062042
0.0034581897780299187
0.003457004437223077
0.0034575131721794605
0.003456697566434741
0.0034543839283287525
0.003453293815255165
0.003452354110777378
0.003449761774390936
0.0034501291811466217
0.003449696581810713
0.0034480043686926365
0.003446505405008793
0.0034449445083737373
0.0034450972452759743
0.003443852299824357
0.0034414527472108603
0.003439506981521845
0.0034398017451167107
0.00343806273303926
0.0034373525995761156
0.0034354154486209154
0.003433656645938754
0.003433147445321083
0.0034315786324441433
0.0034296598751097918
0.0034279648680239916
0.0034271283075213432
0.003426643554121256
0.0034249972086399794
0.0034240682143718004
0.0034217804204672575
0.003420070046558976
0.0034187370911240578
0.0034176248591393232
0.0034175945911556482
0.0034169922582805157
0.00341635849326849
0.0034149501007050276
0.003413093974813819
0.003411614801734686
0.003409718628972769
0.0034089963883161545
0.0034080524928867817
0.0034061786718666553
0.003404943970963359
0.003403882961720228
0.0034018238075077534
0.003400841960683465
0.003400250105187297
0.00339844380505383
0.0033983439207077026
0.0033961718436330557
0.0033958700951188803
0.003394990460947156
0.0033926500473171473
0.0033921566791832447
0.0033893948420882225
0.0033888770267367363
0.0033871682826429605
0.003385302145034075
0.0033844858407974243
0.0033848872408270836
0.0033830045722424984
0.00338255288079381
0.003381179179996252
0.0033798986114561558
0.0033787363208830357
0.0033769519068300724
0.003375530708581209
0.003374367253854871
0.00337229180149734
0.003370676888152957
0.0033699199557304382
0.003369927639141679
0.0033686270471662283
0.0033669115509837866
0.0033664614893496037
0.0033645331859588623
0.0033623860217630863
0.0033629441168159246
0.003361090086400509
0.0033596642315387726
0.003357722656801343
0.003358361776918173
0.0033572933170944452
0.003354898653924465
0.003353377804160118
0.003351285122334957
0.003351341001689434
0.0033503612503409386
0.003348889062181115
0.0033483088482171297
0.003347664140164852
0.003346396144479513
0.0033461186103522778
0.003344571450725198
0.0033433253411203623
0.0033412377815693617
0.003339908318594098
0.003340712981298566
0.0033387502189725637
0.003337222384288907
0.0033354361075907946
0.003334038658067584
0.0033337606582790613
0.003332356922328472
0.0033305322285741568
0.0033296742476522923
0.0033296006731688976
0.0033285513054579496
0.0033266590908169746
0.003326717996969819
0.0033253091387450695
0.003325778292492032
0.0033241554629057646
0.0033203635830432177
0.003319468582049012
0.003318377071991563
0.003317272523418069
0.0033166715875267982
0.0033153099939227104
0.0033138198778033257
0.0033133146353065968
0.003312092972919345
0.003310703206807375
0.003309211228042841
0.003307222155854106
0.003305594902485609
0.003302776487544179
0.003303242614492774
0.0033011247869580984
0.003300247248262167
0.0032978986855596304
0.0032970448955893517
0.0032970448955893517
