0.11702357232570648
0.08359063416719437
0.07879819720983505
0.056725624948740005
0.04515090584754944
0.043491121381521225
0.0425412617623806
0.03336859121918678
0.03772455453872681
0.03086927719414234
0.029666638001799583
0.04287287965416908
0.0380764976143837
0.032762330025434494
0.027427002787590027
0.029105564579367638
0.030528737232089043
0.035113636404275894
0.02828356996178627
0.03330914303660393
0.026667652651667595
0.02457580715417862
0.025133855640888214
0.024951638653874397
0.024324126541614532
0.024591946974396706
0.021806780248880386
0.021293513476848602
0.020740313455462456
0.02059447392821312
0.0209122933447361
0.02217956818640232
0.0222689900547266
0.023297440260648727
0.02107919007539749
0.018594810739159584
0.019241545349359512
0.019169144332408905
0.019242094829678535
0.01788308285176754
0.018190430477261543
0.01845141500234604
0.018984479829669
0.018380839377641678
0.017711685970425606
0.01674741320312023
0.01716301590204239
0.016323303803801537
0.014694261364638805
0.014747567474842072
0.014181159436702728
0.01508490089327097
0.014444566331803799
0.014314488507807255
0.014312012121081352
0.01441938802599907
0.014332852326333523
0.014075233601033688
0.013938029296696186
0.01394189614802599
0.013688000850379467
0.013223756104707718
0.013192468322813511
0.013130351901054382
0.013275989331305027
0.013650979846715927
0.01399680133908987
0.014354277402162552
0.014462364837527275
0.0141812888905406
0.014746464788913727
0.014723693951964378
0.014525454491376877
0.01453265082091093
0.0147885512560606
0.014786927029490471
0.014498055912554264
0.01418743934482336
0.01385470014065504
0.013783829286694527
0.013555984012782574
0.013496910221874714
0.013341560028493404
0.013198388740420341
0.013014551252126694
0.013069448992609978
0.013245475478470325
0.013017065823078156
0.01300822850316763
0.012785946018993855
0.012922041118144989
0.012623990885913372
0.012226587161421776
0.012685082852840424
0.012183930724859238
0.012510349042713642
0.012454704381525517
0.012260984629392624
0.01205360796302557
0.011999998241662979
0.01204987708479166
0.012136431410908699
0.012114697135984898
0.012222099117934704
0.012041263282299042
0.012273854576051235
0.012107349932193756
0.012020034715533257
0.011823602020740509
0.012102759443223476
0.011775139719247818
0.01183489989489317
0.011714636348187923
0.011544874869287014
0.011574935168027878
0.011572395451366901
0.011513512581586838
0.011710851453244686
0.012424700893461704
0.01229075063019991
0.012128179892897606
0.012104448862373829
0.01240816805511713
0.012277267873287201
0.012051223777234554
0.011848236434161663
0.012093578465282917
0.011609284207224846
0.011564825661480427
0.011453519575297832
0.011275624856352806
0.011164729483425617
0.011067668907344341
0.010775277391076088
0.010699696838855743
0.010664022527635098
0.01047695241868496
0.010276583023369312
0.010144050233066082
0.010156283155083656
0.0100209079682827
0.009834679774940014
0.009796052239835262
0.009495795704424381
0.009593123570084572
0.009475196711719036
0.009345979429781437
0.00950574316084385
0.009317520074546337
0.009150437079370022
0.009175979532301426
0.009190550073981285
0.009148815646767616
0.009162157773971558
0.009158526547253132
0.009173374623060226
0.008965549059212208
0.009039941243827343
0.009063885547220707
0.008830610662698746
0.008886964991688728
0.00891327578574419
0.00874466821551323
0.008686837740242481
0.008768385276198387
0.008679374121129513
0.0087305698543787
0.008667590096592903
0.008677206933498383
0.008786394260823727
0.008610864169895649
0.008698792196810246
0.008699691854417324
0.008695491589605808
0.008735259994864464
0.008777049370110035
0.008835937827825546
0.008757952600717545
0.008842517621815205
0.008934165351092815
0.008974439464509487
0.008951627649366856
0.008932107128202915
0.00908390898257494
0.009036685340106487
0.009190766140818596
0.009104745462536812
0.009047851897776127
0.00914646778255701
0.009099934250116348
0.009097262285649776
0.009180801920592785
0.009146923199295998
0.009174011647701263
0.009092196822166443
0.009030585177242756
0.00894044991582632
0.008833792060613632
0.008812492713332176
0.008951510302722454
0.008938327431678772
0.008842706680297852
0.008831088431179523
0.008772842586040497
0.0086144944652915
0.008609173819422722
0.008537085726857185
0.00857237633317709
0.008537045679986477
0.008446155115962029
0.008469280786812305
0.008456037379801273
0.0083681121468544
0.008431320078670979
0.008335605263710022
0.00829082727432251
0.008217711001634598
0.0081419562920928
0.008072802796959877
0.008102508261799812
0.008088981732726097
0.008099954575300217
0.007994648069143295
0.007934577763080597
0.00789121724665165
0.007850125432014465
0.007899658754467964
0.007834923453629017
0.007843879982829094
0.007844192907214165
0.007770005147904158
0.007794086821377277
0.007743977941572666
0.007736701983958483
0.007731132674962282
0.007705097086727619
0.007656961679458618
0.007596919778734446
0.007633899804204702
0.007626535836607218
0.0075849206186831
0.007535734213888645
0.007556438446044922
0.00754382461309433
0.007561171427369118
0.007513809483498335
0.007472047116607428
0.007551216054707766
0.007448189426213503
0.007411434315145016
0.007454256992787123
0.007459922693669796
0.007393101695924997
0.007356360554695129
0.00729844905436039
0.007300947792828083
0.0072883497923612595
0.0072672078385949135
0.007229392882436514
0.007213863078504801
0.00719641987234354
0.007192297838628292
0.007191566284745932
0.007214917801320553
0.007161798421293497
0.007128716446459293
0.007115684915333986
0.007048799656331539
0.007009535562247038
0.006978392601013184
0.0069675748236477375
0.006930291187018156
0.006935178302228451
0.006929910741746426
0.006901403423398733
0.0068860347382724285
0.00687387865036726
0.006891231518238783
0.0068704960867762566
0.006835051812231541
0.006806409917771816
0.0068004983477294445
0.006769347935914993
0.006761475000530481
0.006741419434547424
0.006736116483807564
0.006699834950268269
0.00668694032356143
0.006677808705717325
0.006704865023493767
0.0067166974768042564
0.006677925121039152
0.0066678812727332115
0.00665358267724514
0.006641496904194355
0.006612930912524462
0.006595846265554428
0.006569869816303253
0.006562643218785524
0.006540446542203426
0.006536885630339384
0.006540067959576845
0.006522474344819784
0.0065210298635065556
0.0065194228664040565
0.006515095010399818
0.006469376850873232
0.006437133066356182
0.006418169476091862
0.006395723670721054
0.006383698433637619
0.006363854277879
0.006371174473315477
0.0063875289633870125
0.00636107986792922
0.006358643062412739
0.006369783543050289
0.006346805952489376
0.0063106524758040905
0.0062909419648349285
0.006300909444689751
0.00626410311087966
0.006248717196285725
0.006219233851879835
0.0062258802354335785
0.006246358621865511
0.006239522714167833
0.006225748918950558
0.006227749399840832
0.006222935859113932
0.006224902346730232
0.006214671302586794
0.006188723258674145
0.006172093562781811
0.006169229745864868
0.006162677425891161
0.006160675082355738
0.006139925215393305
0.006145823746919632
0.006147962063550949
0.006171107292175293
0.006133273709565401
0.006135014817118645
0.006113673094660044
0.006108381319791079
0.006088401656597853
0.006095402874052525
0.006081362720578909
0.0060730669647455215
0.006096862256526947
0.006075631361454725
0.006075420882552862
0.0060813999734818935
0.006083185784518719
0.006068166345357895
0.006051449570804834
0.006048006936907768
0.00604357710108161
0.006028460804373026
0.0060048229061067104
0.005995288025587797
0.005976775195449591
0.005977466702461243
0.0059772939421236515
0.005950198043137789
0.005942817777395248
0.0059363883920013905
0.005916873924434185
0.005914605222642422
0.005930064711719751
0.005911136511713266
0.0059017883613705635
0.0059016309678554535
0.005890174303203821
0.005873073823750019
0.005863095633685589
0.005853238515555859
0.005859490483999252
0.0058643096126616
0.0058764745481312275
0.005859426222741604
0.005853696260601282
0.005843324586749077
0.005847709719091654
0.005841005127876997
0.005843114107847214
0.005833394825458527
0.005829366855323315
0.005798970349133015
0.005803626962006092
0.005804102402180433
0.005815426353365183
0.005798669997602701
0.005795812234282494
0.005776660982519388
0.0057813855819404125
0.005777074955403805
0.005761899519711733
0.005753025412559509
0.005747475661337376
0.0057312194257974625
0.005725320428609848
0.0057344078086316586
0.0057070632465183735
0.005709599703550339
0.005687028169631958
0.005690793506801128
0.0056840586476027966
0.005690091289579868
0.005685021635144949
0.005692787002772093
0.005685598589479923
0.005673143547028303
0.005651202984154224
0.005654493346810341
0.00564222177490592
0.005626187194138765
0.005634289234876633
0.005642194300889969
0.005629433318972588
0.00561978155747056
0.005609751679003239
0.005599752999842167
0.005583873484283686
0.005575230345129967
0.005573381669819355
0.0055734883062541485
0.005566008854657412
0.005552435759454966
0.005542872939258814
0.0055536264553666115
0.0055501521565020084
0.005541780032217503
0.005534553900361061
0.0055244844406843185
0.0055071692913770676
0.005513577722012997
0.005501821171492338
0.00550158740952611
0.00550120510160923
0.00549528282135725
0.005481699015945196
0.005483738612383604
0.0054829479195177555
0.0054826135747134686
0.005482679232954979
0.005474186968058348
0.0054759979248046875
0.005472706630825996
0.005466015078127384
0.005463504698127508
0.00546097569167614
0.005454300902783871
0.005452054552733898
0.005464746616780758
0.005457496736198664
0.005459454841911793
0.005448303651064634
0.005431971047073603
0.0054378872737288475
0.005440513603389263
0.005446106661111116
0.005438360385596752
0.0054324050433933735
0.005437656305730343
0.005424040835350752
0.005422607995569706
0.005419379565864801
0.0054300944320857525
0.005427451338618994
0.005421600304543972
0.005417455919086933
0.0054139201529324055
0.005416973493993282
0.005402851849794388
0.005402191076427698
0.005400124005973339
0.005399953108280897
0.005400493741035461
0.005388324148952961
0.005380087532103062
0.005392085760831833
0.005387458950281143
0.005381879862397909
0.00538483215495944
0.0053794048726558685
0.005369538441300392
0.005374975502490997
0.005375814624130726
0.00538515904918313
0.005364757962524891
0.005375638138502836
0.005374127998948097
0.0053695146925747395
0.005362179130315781
0.0053617521189153194
0.005366247147321701
0.00536185409873724
0.005355918779969215
0.0053506516851484776
0.005355715751647949
0.005350302904844284
0.005342479795217514
0.00533582316711545
0.0053425999358296394
0.005336516536772251
0.005337119102478027
0.005330593325197697
0.005335184745490551
0.0053289951756596565
0.005324037745594978
0.005326027981936932
0.0053266785107553005
0.0053181955590844154
0.005321240518242121
0.005322074983268976
0.005318780895322561
0.005315696820616722
0.005318688228726387
0.005316679831594229
0.0053186314180493355
0.005325264297425747
0.005325092934072018
0.0053248233161866665
0.005319797899574041
0.005318345036357641
0.005326451268047094
0.00533393444493413
0.00533160287886858
0.005340637639164925
0.005337593145668507
0.005339344032108784
0.0053516714833676815
0.00535242585465312
0.0053580570966005325
0.005355243571102619
0.0053580026142299175
0.005367285571992397
0.005356221925467253
0.005366792902350426
0.0053606280125677586
0.0053686476312577724
0.005362786818295717
0.005356821231544018
0.005351591855287552
0.005355017259716988
0.005365318153053522
0.0053705922327935696
0.005374227650463581
0.005367291625589132
0.005376437678933144
0.005372656509280205
0.0053759245201945305
0.005376361310482025
0.005368396639823914
0.005369190126657486
0.005362106952816248
0.005366123281419277
0.005370212718844414
0.00535708200186491
0.005354878958314657
0.005351326894015074
0.005352078005671501
0.0053605129942297935
0.005348272155970335
0.005345018580555916
0.005345230456441641
0.0053552924655377865
0.005346840713173151
0.005343104247003794
0.005342026241123676
0.005329607520252466
0.005337382201105356
0.005320584401488304
0.0053307898342609406
0.005321769043803215
0.005315445363521576
0.005310043226927519
0.005305279977619648
0.005291815381497145
0.005292548332363367
0.0052772825583815575
0.005276910029351711
0.005270780064165592
0.005272527225315571
0.005278427619487047
0.005271102301776409
0.005260448437184095
0.0052706049755215645
0.005270704161375761
0.0052648261189460754
0.005266647785902023
0.005270679015666246
0.005260677542537451
0.005271003115922213
0.005269355606287718
0.005269351880997419
0.005281768273562193
0.005281358957290649
0.005293852183967829
0.005299118813127279
0.005310610868036747
0.005299420095980167
0.0053041847422719
0.005302840378135443
0.005304797552525997
0.005315013229846954
0.005315565504133701
0.005324453115463257
0.00533584738150239
0.0053353761322796345
0.005352064035832882
0.005354522727429867
0.0053496528416872025
0.005363128148019314
0.005359560716897249
0.005367932375520468
0.00536944717168808
0.005381184630095959
0.005380092188715935
0.0053897942416369915
0.00540017057210207
0.0053964536637067795
0.00540438387542963
0.005423282738775015
0.005439756903797388
0.005439802538603544
0.005466134753078222
0.005445882212370634
0.005485138390213251
0.005472888704389334
0.005489037372171879
0.0055086989887058735
0.005528037901967764
0.005524076987057924
0.005523536819964647
0.005505914334207773
0.005537273362278938
0.005532973445951939
0.00554686738178134
0.00555360596626997
0.005575241055339575
0.005552396178245544
0.005575733724981546
0.005549787078052759
0.00556947011500597
0.005575099494308233
0.005590841639786959
0.005617570597678423
0.005612323526293039
0.005611639469861984
0.005635312292724848
0.005641461815685034
0.005623761098831892
0.005644429009407759
0.00563437445089221
0.005631377920508385
0.005649142898619175
0.005649566650390625
0.005656388588249683
0.005691816098988056
0.00567722599953413
0.005650073755532503
0.005663660820573568
0.005677011329680681
0.005663970019668341
0.005706587806344032
0.005711467936635017
0.005706460680812597
0.005706539377570152
0.005724048707634211
0.005715955980122089
0.005737621802836657
0.0057428269647061825
0.005737513303756714
0.005709169898182154
0.005715423263609409
0.005730000324547291
0.0057455445639789104
0.005754228215664625
0.005771241616457701
0.005750138778239489
0.005741506814956665
0.00574224628508091
0.005760199390351772
0.005772216245532036
0.005803410895168781
0.005786307156085968
0.00579189695417881
0.0057793487794697285
0.005794689524918795
0.005799334030598402
0.005804041866213083
0.005810192320495844
0.005838903598487377
0.005829365458339453
0.0058019463904201984
0.005819885991513729
0.005818797275424004
0.005810542497783899
0.005793062504380941
0.00583837041631341
0.005805415567010641
0.005814508069306612
0.005832922179251909
0.005853419657796621
0.0058702994138002396
0.005855659954249859
0.005858202930539846
0.005883383564651012
0.005891424138098955
0.005902381148189306
0.005915005225688219
0.005927638616412878
0.005920518655329943
0.005929885432124138
0.005920247174799442
0.005920030642300844
0.005913460627198219
0.00588991167023778
0.005885185208171606
0.005898293573409319
0.0058989133685827255
0.005895530804991722
0.005904033780097961
0.005900651682168245
0.005905184429138899
0.005916006397455931
0.005899067036807537
0.005891520995646715
0.005880257580429316
0.005873182788491249
0.005869101267307997
0.0058891260996460915
0.005898051895201206
0.0058853947557508945
0.00588257797062397
0.0058802394196391106
0.005890834145247936
0.005888244137167931
0.005880469456315041
0.005875739268958569
0.005866250954568386
0.00586590263992548
0.005868056323379278
0.005864743143320084
0.005876843351870775
0.0058531747199594975
0.00584397604689002
0.005831478163599968
0.005830112379044294
0.005833334289491177
0.005824774503707886
0.005816333461552858
0.00581360561773181
0.0058015757240355015
0.0057895369827747345
0.005771366413682699
0.005772851407527924
0.005775917321443558
0.005758318118751049
0.005762412212789059
0.005756824277341366
0.005740083288401365
0.005739755462855101
0.0057375552132725716
0.005735890939831734
0.0057281870394945145
0.005729563068598509
0.005716551095247269
0.0057085175067186356
0.005695412401109934
0.005689480807632208
0.005684246309101582
0.00567753566429019
0.0056667993776500225
0.005666840355843306
0.005656481254845858
0.00564834987744689
0.005630647763609886
0.005612743552774191
0.00561323668807745
0.005604197736829519
0.005596664268523455
0.005590946413576603
0.0055913543328642845
0.005571966990828514
0.005578784272074699
0.005583638325333595
0.0055920435115695
0.005572818685323
0.005561345256865025
0.0055402722209692
0.00553201325237751
0.00551207922399044
0.005526208784431219
0.005518676247447729
0.005505762062966824
0.005501332227140665
0.005478063132613897
0.00546773849055171
0.005446764640510082
0.0054397000931203365
0.005435094702988863
0.005430520977824926
0.005431931000202894
0.005416699685156345
0.005418422631919384
0.0054103909060359
0.0054044038988649845
0.005399113986641169
0.005393952131271362
0.005388819146901369
0.005389079917222261
0.0053679076954722404
0.0053583369590342045
0.005358030553907156
0.005340305157005787
0.005344565026462078
0.005343218799680471
0.005345451179891825
0.005337589420378208
0.005325079895555973
0.005326096434146166
0.00533027108758688
0.005317590199410915
0.005310919135808945
0.005317626520991325
0.00531140249222517
0.005305304657667875
0.005295421928167343
0.0052923946641385555
0.005290462635457516
0.005282342433929443
0.0052810125052928925
0.0052773673087358475
0.005277128890156746
0.005270498804748058
0.005266333930194378
0.005259384401142597
0.0052637262269854546
0.005264213774353266
0.005262138321995735
0.005258101504296064
0.005248682107776403
0.005254911724478006
0.005248089320957661
0.005244486965239048
0.00524187320843339
0.005241925362497568
0.005235293414443731
0.005230273585766554
0.005231020972132683
0.00522047420963645
0.005219733342528343
0.005214917939156294
0.005214510951191187
0.005208552815020084
0.005198903847485781
0.005201694089919329
0.005200768355280161
0.005202634260058403
0.005201264750212431
0.0051942565478384495
0.005183514207601547
0.005188989918678999
0.005189251620322466
0.005187520757317543
0.005185782443732023
0.005171695724129677
0.005173725541681051
0.005164121277630329
0.005159890744835138
0.005165661685168743
0.005165815819054842
0.005155186168849468
0.005162115208804607
0.005141882225871086
0.005150379613041878
0.00515327462926507
0.005149323958903551
0.00515334727242589
0.005149957723915577
0.005134780425578356
0.0051400018855929375
0.005135553423315287
0.0051311952993273735
0.005136474967002869
0.005136720836162567
0.005134638864547014
0.005130712408572435
0.005131583195179701
0.0051277438178658485
0.005118520464748144
0.005106924567371607
0.005116115789860487
0.005111266393214464
0.005114128813147545
0.005100644193589687
0.005098090041428804
0.005097198765724897
0.005090024322271347
0.005092751234769821
0.005092833656817675
0.005086635705083609
0.0050790575332939625
0.005084264557808638
0.005078226327896118
0.0050745573826134205
0.00507050845772028
0.005072150379419327
0.00506605114787817
0.005064790137112141
0.005063374061137438
0.0050581698305904865
0.00505044823512435
0.005041728727519512
0.005036631133407354
0.0050343177281320095
0.005031334701925516
0.0050237164832651615
0.005033624358475208
0.005035568028688431
0.005032978951931
0.005032576620578766
0.005032927729189396
0.00502712931483984
0.005025246646255255
0.005025348626077175
0.005016664508730173
0.005015035159885883
0.005010428372770548
0.005007733590900898
0.005002532619982958
0.005000680685043335
0.004998776596039534
0.004995251074433327
0.00499127060174942
0.004987794905900955
0.004983981605619192
0.004977632313966751
0.004976572934538126
0.004969665315002203
0.004962081555277109
0.004961001221090555
0.004963436629623175
0.004954376723617315
0.00495798559859395
0.004957824479788542
0.004955385811626911
0.004949198104441166
0.004950067028403282
0.00495491549372673
0.004948264919221401
0.0049467310309410095
0.004941665567457676
0.004937305580824614
0.004937536548823118
0.004928397946059704
0.00493382615968585
0.004929847549647093
0.004925367888063192
0.00492143863812089
0.004920347593724728
0.004912255331873894
0.004910002462565899
0.004911365918815136
0.004905925132334232
0.004904440604150295
0.004896091762930155
0.0048917136155068874
0.0048866914585232735
0.004887541756033897
0.004880846012383699
0.004873896017670631
0.004874095786362886
0.004872918128967285
0.004873940255492926
0.0048700859770178795
0.004871387965977192
0.004869378171861172
0.004861943423748016
0.00486336275935173
0.004855601582676172
0.004854542203247547
0.00484754191711545
0.004845376592129469
0.004845741670578718
0.004841618239879608
0.0048402040265500546
0.004837428219616413
0.004829447250813246
0.004821992479264736
0.004822279792279005
0.004824057221412659
0.004827913362532854
0.0048215873539447784
0.004824739880859852
0.004822064191102982
0.004822106566280127
0.004818648099899292
0.004817155655473471
0.004816142842173576
0.004806251265108585
0.004807674791663885
0.004808262921869755
0.004808990750461817
0.00480391550809145
0.0048021236434578896
0.004805770702660084
0.0048014018684625626
0.004802553448826075
0.004803178831934929
0.004799778573215008
0.004801901988685131
0.004802124574780464
0.004794774577021599
0.004796728491783142
0.004791599232703447
0.004796647932380438
0.004793141968548298
0.004788124933838844
0.004784665536135435
0.004783228505402803
0.00477717537432909
0.004772408399730921
0.004771259147673845
0.004768648184835911
0.004767045844346285
0.004770985804498196
0.004762609954923391
0.004758250433951616
0.004763809498399496
0.004761955700814724
0.004758848808705807
0.004767849110066891
0.0047687869518995285
0.004766848869621754
0.004762011580169201
0.004764449317008257
0.00476547796279192
0.00476521672680974
0.004764009267091751
0.004767437465488911
0.0047653792425990105
0.004768209997564554
0.004769830498844385
0.004766431637108326
0.004771809559315443
0.0047775269486010075
0.004776324611157179
0.004780028946697712
0.004780465736985207
0.004780801944434643
0.004779311362653971
0.004773879423737526
0.004774841014295816
0.004770702216774225
0.004771764390170574
0.0047638979740440845
0.00476254615932703
0.00475502060726285
0.004752402659505606
0.004749363753944635
0.004741252865642309
0.004738392308354378
0.004735857248306274
0.004731692839413881
0.004730242770165205
0.0047308714129030704
0.004731114022433758
0.004727817140519619
0.004728181287646294
0.004725503269582987
0.00472122710198164
0.0047193169593811035
0.004717809148132801
0.004714110866189003
0.0047098551876842976
0.004705555271357298
0.004700184799730778
0.004699349869042635
0.00469602644443512
0.004695423878729343
0.004691051784902811
0.004688682034611702
0.004683024249970913
0.004678620025515556
0.004674915224313736
0.0046723270788788795
0.004665163345634937
0.004664704203605652
0.004660716746002436
0.004666557535529137
0.004666700027883053
0.004665676038712263
0.0046615698374807835
0.004660074133425951
0.004654434509575367
0.00465193297713995
0.004656221717596054
0.004663818050175905
0.004657161887735128
0.004649522248655558
0.0046422407031059265
0.004639549646526575
0.0046362727880477905
0.004630953073501587
0.0046304259449243546
0.004623252898454666
0.004621006548404694
0.004620181396603584
0.004620431922376156
0.004616889636963606
0.0046165031380951405
0.004613205790519714
0.004617928061634302
0.00462010083720088
0.004612735006958246
0.004608886782079935
0.004608058836311102
0.0046092732809484005
0.0046117776073515415
0.004608653951436281
0.004600953310728073
0.004600931890308857
0.004598995670676231
0.00459524430334568
0.004590578377246857
0.004588079638779163
0.004587175790220499
0.004582956433296204
0.004579879343509674
0.004577158484607935
0.004573164973407984
0.004573460668325424
0.004567919764667749
0.004569327458739281
0.004568994510918856
0.0045641204342246056
0.004561968147754669
0.0045599304139614105
0.004555462393909693
0.004555230028927326
0.004553014412522316
0.004548646975308657
0.004546075128018856
0.004545923322439194
0.00454311165958643
0.004544644616544247
0.0045390562154352665
0.004539092071354389
0.004539390094578266
0.004533782135695219
0.0045306747779250145
0.004532607272267342
0.004528299905359745
0.004524612799286842
0.004524318501353264
0.0045224023051559925
0.0045209648087620735
0.00452134944498539
0.004520753864198923
0.004516612272709608
0.00451445858925581
0.004511566367000341
0.004506425932049751
0.004501752555370331
0.004503468982875347
0.00450294790789485
0.004495288711041212
0.00449599651619792
0.004490515682846308
0.004490036051720381
0.004488525912165642
0.004484378267079592
0.004483414348214865
0.004482826218008995
0.004479618277400732
0.0044792755506932735
0.00447950791567564
0.004474161192774773
0.004470916464924812
0.004468826111406088
0.0044700526632368565
0.004468509927392006
0.004465109668672085
0.004461205098778009
0.004457220900803804
0.0044570076279342175
0.004456144757568836
0.004454332869499922
0.004452594555914402
0.004449732135981321
0.004447331186383963
0.004446405451744795
0.004443527664989233
0.004445297177881002
0.004442032426595688
0.004439670126885176
0.004441460594534874
0.004437318071722984
0.004438607953488827
0.004436097573488951
0.0044359927996993065
0.004433383233845234
0.004432954825460911
0.004431214649230242
0.004431169014424086
0.0044289142824709415
0.004428809974342585
0.004425792954862118
0.004421968944370747
0.0044208248145878315
0.004415416624397039
0.004414507653564215
0.004408592823892832
0.004407867323607206
0.004408528562635183
0.004400857258588076
0.0044044083915650845
0.004399982746690512
0.004398192744702101
0.004398521035909653
0.004395190626382828
0.004396162461489439
0.004396240692585707
0.0043899803422391415
0.004391177091747522
0.0043886275961995125
0.0043868874199688435
0.004383609164506197
0.004382247570902109
0.004382056184113026
0.004377521108835936
0.00437468197196722
0.004376661963760853
0.004374275449663401
0.004371514078229666
0.00437017111107707
0.004366428591310978
0.0043680197559297085
0.004361829254776239
0.00436399644240737
0.0043619233183562756
0.004358496051281691
0.004361540079116821
0.004358484409749508
0.0043554529547691345
0.004356092307716608
0.004355947021394968
0.004352722316980362
0.0043504443019628525
0.004351848736405373
0.0043480717577040195
0.004346273373812437
0.0043454295955598354
0.004340223968029022
0.004339493811130524
0.004337768070399761
0.004339410457760096
0.004335681442171335
0.004337353631854057
0.004335952922701836
0.004333467688411474
0.004334541037678719
0.004329667892307043
0.004329162649810314
0.004326364956796169
0.004325708840042353
0.004323671571910381
0.004325045272707939
0.004320947919040918
0.00432312348857522
0.0043146200478076935
0.004313040524721146
0.004312069620937109
0.004308812785893679
0.004305674694478512
0.004305841866880655
0.00430481368675828
0.004301166161894798
0.0043006036430597305
0.004297924693673849
0.0042943209409713745
0.004291263874620199
0.004288269206881523
0.004288021475076675
0.0042822398245334625
0.004281443543732166
0.004280540626496077
0.00427809776738286
0.004276205785572529
0.004270554520189762
0.004270448349416256
0.004269260447472334
0.004266882780939341
0.004264460876584053
0.004263041075319052
0.00425986060872674
0.004255563020706177
0.004257031716406345
0.004256104584783316
0.004252138547599316
0.004252993036061525
0.004249739460647106
0.004244264215230942
0.004242910072207451
0.004240462090820074
0.0042387936264276505
0.004237087443470955
0.004237223416566849
0.004237757995724678
0.004235276486724615
0.0042329514399170876
0.0042320843786001205
0.004229223355650902
0.004231196362525225
0.0042278943583369255
0.00422699237242341
0.004223926924169064
0.004224065691232681
0.0042236074805259705
0.0042199972085654736
0.004217648413032293
0.004216430243104696
0.004211800638586283
0.004211990162730217
0.004206094890832901
0.004206026438623667
0.0042016152292490005
0.004200734198093414
0.004197254311293364
0.004197238478809595
0.004194579087197781
0.004194486420601606
0.004195207729935646
0.004190380219370127
0.004192020278424025
0.004190194886177778
0.00418760534375906
0.004187486134469509
0.004184130113571882
0.004184480756521225
0.004180545452982187
0.004179355688393116
0.004182026255875826
0.004175690468400717
0.0041752406395971775
0.004171552136540413
0.004169450607150793
0.004171606618911028
0.004168233834207058
0.004167467355728149
0.0041645849123597145
0.004165094345808029
0.004164562094956636
0.004161595832556486
0.004162450786679983
0.004159859381616116
0.004158391617238522
0.004155430942773819
0.004156828857958317
0.004157377872616053
0.004153645597398281
0.0041526188142597675
0.0041508749127388
0.004149368032813072
0.004146154038608074
0.004145383834838867
0.004143048077821732
0.00414287718012929
0.004143835976719856
0.0041414545848965645
0.004139650613069534
0.004139598924666643
0.0041387672536075115
0.0041351355612277985
0.004133504815399647
0.004134899936616421
0.004131640773266554
0.004130565095692873
0.0041289315558969975
0.004127982538193464
0.0041287983767688274
0.004124674014747143
0.004123719409108162
0.004122511483728886
0.004121760372072458
0.004120886325836182
0.004120503086596727
0.004119889810681343
0.004119148477911949
0.004118870943784714
0.004119583405554295
0.004116760566830635
0.004117066040635109
0.004114978946745396
0.0041146790608763695
0.0041122338734567165
0.004112712107598782
0.004115893505513668
0.004111165180802345
0.004108563996851444
0.004109562374651432
0.004107913933694363
0.004109215922653675
0.004106505308300257
0.004107628017663956
0.0041046952828764915
0.00410466268658638
0.004103721119463444
0.0041029853746294975
0.0041028037667274475
0.004101625178009272
0.0041007851250469685
0.0040983338840305805
0.004097175318747759
0.004096278455108404
0.004096663556993008
0.004095821641385555
0.004094572737812996
0.004093277268111706
0.004091382026672363
0.004091580398380756
0.004091218113899231
0.004088154062628746
0.004090666770935059
0.00408921018242836
0.004088285379111767
0.004085648339241743
0.004087825305759907
0.004087024834007025
0.004085146356374025
0.004083431791514158
0.0040834322571754456
0.00408335542306304
0.004080486949533224
0.004079881124198437
0.004079065285623074
0.0040787262842059135
0.004078355617821217
0.00407809391617775
0.004077841527760029
0.004076709505170584
0.004073636140674353
0.004073170479387045
0.0040724207647144794
0.004070255905389786
0.004068829119205475
0.004069601651281118
0.004066464025527239
0.004068000242114067
0.0040647410787642
0.004063937813043594
0.004063927102833986
0.004063036758452654
0.004061740357428789
0.004061202052980661
0.00405908515676856
0.004058857448399067
0.004058631137013435
0.0040564457885921
0.004054418299347162
0.004054133780300617
0.00405318196862936
0.004053087439388037
0.0040505556389689445
0.004048854112625122
0.004048103932291269
0.004047628026455641
0.004045875743031502
0.0040433090180158615
0.004044405184686184
0.004042264074087143
0.004040122032165527
0.004039380699396133
0.004038278479129076
0.0040369778871536255
0.0040364391170442104
0.004033454228192568
0.00403456250205636
0.004032221157103777
0.004031766206026077
0.004028950352221727
0.004028647672384977
0.004027547314763069
0.004028085619211197
0.004026339389383793
0.0040252236649394035
0.004023340065032244
0.004023110959678888
0.004022812005132437
0.004019495099782944
0.004019891377538443
0.004018881823867559
0.004016889724880457
0.004018679726868868
0.004016790073364973
0.004016549326479435
0.004016145132482052
0.004017316736280918
0.004014516249299049
0.0040125721134245396
0.00401068152859807
0.0040086801163852215
0.004006048198789358
0.004006743431091309
0.004006981384009123
0.004003651440143585
0.0040037003345787525
0.004002243280410767
0.0040018088184297085
0.003999692853540182
0.003997521009296179
0.003998551983386278
0.003994048573076725
0.003992943093180656
0.003993556369096041
0.0039937300607562065
0.0039907158352434635
0.003991373814642429
0.003990691155195236
0.003987850155681372
0.00398935517296195
0.003988391719758511
0.0039873202331364155
0.0039872038178145885
0.003988068085163832
0.003985720686614513
0.0039858766831457615
0.003987563773989677
0.003985722549259663
0.003984090872108936
0.003984240349382162
0.003981445450335741
0.003980609588325024
0.003979843109846115
0.003976895473897457
0.0039773546159267426
0.003975819796323776
0.003974855411797762
0.003974315244704485
0.003972980659455061
0.003973884042352438
0.00397207448258996
0.003971958067268133
0.003969570156186819
0.0039704181253910065
0.00396821228787303
0.003968978300690651
0.003968802280724049
0.003967058379203081
0.003967260476201773
0.003967720549553633
0.00396683206781745
0.003967316821217537
0.003965551033616066
0.003964934032410383
0.003964262083172798
0.003962886519730091
0.003964616917073727
0.003962953109294176
0.003962851129472256
0.0039626555517315865
0.003962051589041948
0.003960447385907173
0.003959967754781246
0.003958973102271557
0.003960443660616875
0.003960372414439917
0.003958909306675196
0.00395915936678648
0.003957035485655069
0.003957066219300032
0.003956997767090797
0.003956121858209372
0.003956223838031292
0.003954783082008362
0.003955234307795763
0.003953313920646906
0.003953632432967424
0.0039558419957757
0.003953654784709215
0.00395401893183589
0.003954228013753891
0.003952128812670708
0.00395402405411005
0.003952013794332743
0.003951612394303083
0.0039531937800347805
0.003952988889068365
0.003951745573431253
0.003953822422772646
0.003952669911086559
0.003951856400817633
0.00395189831033349
0.003950926475226879
0.0039533101953566074
0.00395210413262248
0.003952380735427141
0.003952988889068365
0.003950862213969231
0.0039511676877737045
0.003949861507862806
0.003949826583266258
0.003949173726141453
0.003948939498513937
0.003949944395571947
0.00394996115937829
0.003950658719986677
0.0039507062174379826
0.003951517399400473
0.0039513674564659595
0.003951412625610828
0.003951088525354862
0.003950843587517738
0.00394923472777009
0.0039509860798716545
0.003951228689402342
0.003951328340917826
0.0039515383541584015
0.003950903657823801
0.003951029386371374
0.003951105289161205
0.003950301092118025
0.003949503879994154
0.003949667327105999
0.003951959777623415
0.003952388651669025
0.0039498573169112206
0.003949534147977829
0.003951644524931908
0.003949697595089674
0.003948997240513563
0.0039510359056293964
0.003949698992073536
0.003951597958803177
0.003950814250856638
0.003950746264308691
0.003952676430344582
0.003952316008508205
0.003951080609112978
0.003951470833271742
0.003950423561036587
0.003949396312236786
0.003950212150812149
0.0039499299600720406
0.003949022851884365
0.003947101999074221
0.003950213547796011
0.003950825892388821
0.003948265220969915
0.003949927631765604
0.0039521087892353535
0.003950995393097401
0.003950856160372496
0.003949437756091356
0.003950835671275854
0.003952212166041136
0.003950093872845173
0.00395243288949132
0.003949301317334175
0.003948119003325701
0.00395102659240365
0.003952028229832649
0.003951973281800747
0.003951392602175474
0.003950316924601793
0.003952506929636002
0.003951970022171736
0.003952575381845236
0.003952426835894585
0.003951354417949915
0.003951112739741802
0.00395288085564971
0.003952242899686098
0.003951543476432562
0.00395244313403964
0.003952759318053722
0.003951186779886484
0.003952496685087681
0.003951457794755697
0.003950931131839752
0.003951365128159523
0.00395105080679059
0.003950306214392185
0.003950261976569891
0.003950619604438543
0.003951448481529951
0.0039512175135314465
0.0039514112286269665
0.003949830774217844
0.003950361628085375
0.003952369559556246
0.0039511919021606445
0.003950782585889101
0.003952460363507271
0.003951634746044874
0.003951297141611576
0.003950260579586029
0.003950533457100391
0.0039505381137132645
0.003950360231101513
0.003951160237193108
0.003950393758714199
0.0039529395289719105
0.00395156629383564
0.003950738813728094
0.003950250800698996
0.003950863610953093
0.0039495863020420074
0.003948824014514685
0.003948635421693325
0.003949570003896952
0.0039492081850767136
0.003947888966649771
0.003947807941585779
0.003947639372199774
0.003946787212044001
0.003946582321077585
0.003948867786675692
0.003947323653846979
0.003948093391954899
0.0039465599693357944
0.003947898745536804
0.003946484532207251
0.00394502142444253
0.003945603966712952
0.003946329466998577
0.003947831690311432
0.003947345074266195
0.003947070334106684
0.003945306409150362
0.003944911994040012
0.003946630284190178
0.003946336917579174
0.003945821896195412
0.003945180680602789
0.003946170676499605
0.003942958544939756
0.003945956472307444
0.003943523392081261
0.003942434210330248
0.003943090792745352
0.003941765986382961
0.003942773211747408
0.003943245392292738
0.003942831885069609
0.003943107556551695
0.003942119888961315
0.003941631875932217
0.003940828610211611
0.003939723130315542
0.003940410912036896
0.003941482398658991
0.003937610425055027
0.003938806708902121
0.0039395662024617195
0.003939575981348753
0.003938364330679178
0.003938351292163134
0.003938563633710146
0.0039366744458675385
0.003936425317078829
0.003933824133127928
0.003933056723326445
0.003934445790946484
0.0039360132068395615
0.003934735897928476
0.003933247644454241
0.0039330217987298965
0.003933248110115528
0.003931893035769463
0.003931321203708649
0.003931835293769836
0.003931364975869656
0.003931861836463213
0.003929481375962496
0.003929609432816505
0.0039298576302826405
0.00392916239798069
0.003926798701286316
0.003926605451852083
0.0039276727475225925
0.003927215002477169
0.003926759120076895
0.003926970064640045
0.003925655968487263
0.003924284130334854
0.0039244843646883965
0.0039250655099749565
0.0039243088103830814
0.003923726733773947
0.003922699484974146
0.003922593779861927
0.003922750242054462
0.003921864088624716
0.003921101335436106
0.0039186798967421055
0.003918756265193224
0.003918216563761234
0.003917190711945295
0.003918226342648268
0.003917458932846785
0.0039167688228189945
0.003916916437447071
0.003917975816875696
0.003915328998118639
0.003915253560990095
0.003914710134267807
0.003913366235792637
0.003911648411303759
0.003912503365427256
0.0039117587730288506
0.00391140254214406
0.0039106374606490135
0.003909856081008911
0.003909749444574118
0.0039096069522202015
0.003908326383680105
0.00390665652230382
0.003905930556356907
0.0039060404524207115
0.0039057277608662844
0.0039054632652550936
0.0039046898018568754
0.003905000863596797
0.003903806209564209
0.0039032315835356712
0.0039021074771881104
0.0039018848910927773
0.0039025815203785896
0.0039014958310872316
0.0039014623034745455
0.003901389427483082
0.003901583608239889
0.003899350529536605
0.0038995754439383745
0.003897474380210042
0.0038972715847194195
0.003898624097928405
0.003898126306012273
0.003897363319993019
0.0038960035890340805
0.003895307658240199
0.0038935334887355566
0.003893803572282195
0.0038939095102250576
0.0038949190638959408
0.0038933390751481056
0.0038927632849663496
0.003891446627676487
0.0038907607086002827
0.0038918338250368834
0.003889733925461769
0.003890042193233967
0.003891265718266368
0.0038874850142747164
0.0038870603311806917
0.0038875124882906675
0.003888509701937437
0.003888171399012208
0.0038867222610861063
0.0038873329758644104
0.003885821206495166
0.003883468685671687
0.003883410943672061
0.003884611651301384
0.003884554374963045
0.0038824635557830334
0.0038827054668217897
0.003882681718096137
0.003881749464198947
0.0038816877640783787
0.0038815592415630817
0.003881369950249791
0.003879582742229104
0.0038777932059019804
0.003879005555063486
0.0038807557430118322
0.0038798630703240633
0.003877577604725957
0.0038782439660280943
0.003875040914863348
0.0038758921436965466
0.0038770996034145355
0.0038757952861487865
0.0038750204257667065
0.0038750609382987022
0.003876101691275835
0.003873793873935938
0.0038735060952603817
0.0038722942117601633
0.0038727654609829187
0.0038721130695194006
0.003870070446282625
0.0038719968870282173
0.0038692797534167767
0.0038691828958690166
0.00386993121355772
0.0038688858039677143
0.0038686988409608603
0.0038674233946949244
0.003868264378979802
0.003869234584271908
0.0038676925469189882
0.003866201266646385
0.0038673209492117167
0.003865846898406744
0.0038659493438899517
0.003865039674565196
0.0038644366431981325
0.0038648450281471014
0.003864153055474162
0.0038644536398351192
0.0038637230172753334
0.003862922778353095
0.00386170600540936
0.0038619753904640675
0.0038624193985015154
0.0038611425552517176
0.003859775373712182
0.0038610310293734074
0.003859936725348234
0.0038578948006033897
0.0038592021446675062
0.0038583234418183565
0.0038570156320929527
0.0038566505536437035
0.0038566691800951958
0.0038574892096221447
0.003855875227600336
0.003856605850160122
0.0038563983980566263
0.003855619113892317
0.003854454727843404
0.0038547588046640158
0.0038539948873221874
0.0038540952373296022
0.003854309441521764
0.00385280791670084
0.0038518281653523445
0.0038519687950611115
0.00385199929587543
0.0038517031352967024
0.0038500907830893993
0.0038506649434566498
0.003851694520562887
0.003850020468235016
0.003849745262414217
0.0038497510831803083
0.0038488784339278936
0.003848492633551359
0.003847409738227725
0.0038483126554638147
0.0038462935481220484
0.003845412051305175
0.0038469608407467604
0.0038469426799565554
0.003846084699034691
0.0038446614053100348
0.003845814149826765
0.003846231382340193
0.003843502840027213
0.003843420185148716
0.003842940554022789
0.0038436788599938154
0.0038422688376158476
0.003841894445940852
0.003842354519292712
0.003841944271698594
0.003840927267447114
0.0038411933928728104
0.0038412846624851227
0.003840146353468299
0.0038402662612497807
0.0038399165496230125
0.003839303506538272
0.0038377135060727596
0.0038380117621272802
0.0038385542575269938
0.0038381903432309628
0.003837819444015622
0.0038380459882318974
0.00383675005286932
0.0038370066322386265
0.003835822455585003
0.0038350874092429876
0.0038337870500981808
0.0038361300248652697
0.003835120936855674
0.0038343477062880993
0.0038332303520292044
0.0038340340834110975
0.003833424299955368
0.0038325272034853697
0.0038336601573973894
0.003833337686955929
0.0038330077659338713
0.0038311078678816557
0.0038309816736727953
0.0038315115962177515
0.0038311081007122993
0.003829682944342494
0.003829601686447859
0.003828798420727253
0.003829333698377013
0.0038279870059341192
0.0038278268184512854
0.0038280754815787077
0.0038283448666334152
0.003826679429039359
0.003826828207820654
0.0038269585929811
0.0038267099298536777
0.003825722960755229
0.0038254857063293457
0.00382464868016541
0.003825871739536524
0.003824075451120734
0.0038242253940552473
0.003823397448286414
0.0038240838330239058
0.003822993254289031
0.0038228114135563374
0.003822709433734417
0.0038226686883717775
0.003821961348876357
0.0038213657680898905
0.0038210225757211447
0.003821850987151265
0.0038209313061088324
0.003821310121566057
0.003820342943072319
0.003819880774244666
0.003819322446361184
0.0038180758710950613
0.003818032331764698
0.0038177762180566788
0.0038169759791344404
0.003816312411800027
0.0038168386090546846
0.0038158600218594074
0.003815300529822707
0.003815349191427231
0.0038157261442393064
0.003814829746261239
0.0038153433706611395
0.0038150018081068993
0.0038153519853949547
0.003814643481746316
0.0038134846836328506
0.0038122457917779684
0.003813407849520445
0.003812505165114999
0.0038118124939501286
0.0038111142348498106
0.003812588984146714
0.003811863949522376
0.0038108425214886665
0.0038115554489195347
0.003810258349403739
0.0038110711611807346
0.003809690475463867
0.003809112124145031
0.003809592453762889
0.0038086415734142065
0.0038084553088992834
0.0038078799843788147
0.003806931432336569
0.00380642618983984
0.003807633649557829
0.0038059125654399395
0.003806222463026643
0.003806588239967823
0.003805341199040413
0.003804793581366539
0.003804950974881649
0.0038032792508602142
0.0038046971894800663
0.0038047588896006346
0.00380335352383554
0.0038026291877031326
0.0038032005541026592
0.003801731625571847
0.003801849205046892
0.0038025465328246355
0.0038016217295080423
0.0038010417483747005
0.0038002158980816603
0.0038003865629434586
0.003799277124926448
0.0037998741026967764
0.0037987215910106897
0.003798502264544368
0.0037991954013705254
0.0037980759516358376
0.0037972303107380867
0.003796997247263789
0.0037958547472953796
0.0037968154065310955
0.0037958305329084396
0.0037963406648486853
0.0037958587054163218
0.003796203527599573
0.0037950784899294376
0.0037943576462566853
0.003793899202719331
0.003793977666646242
0.0037926482036709785
0.003793474053964019
0.0037934547290205956
0.003792239585891366
0.0037923860363662243
0.0037920051254332066
0.003791325492784381
0.0037914009299129248
0.0037899967283010483
0.0037899878807365894
0.003791490336880088
0.0037904775235801935
0.0037891173269599676
0.0037887622602283955
0.003788706846535206
0.003788940841332078
0.0037880390882492065
0.0037874251138418913
0.0037881331518292427
0.003787736175581813
0.0037860467564314604
0.0037857734132558107
0.0037857943680137396
0.00378435174934566
0.0037838448770344257
0.0037840334698557854
0.003783057676628232
0.0037833682727068663
0.003784452099353075
0.0037837934214621782
0.003782278625294566
0.0037816385738551617
0.0037820967845618725
0.0037820395082235336
0.0037816001567989588
0.0037817659322172403
0.0037814767565578222
0.0037804092280566692
0.0037795291282236576
0.003779567778110504
0.0037787503097206354
0.0037786015309393406
0.00377889652736485
0.003777979640290141
0.0037787174805998802
0.003778183599933982
0.003778197104111314
0.003777166595682502
0.003776527475565672
0.0037761186249554157
0.00377634190954268
0.003775564255192876
0.0037760690320283175
0.0037759821861982346
0.0037749067414551973
0.0037752052303403616
0.003774370066821575
0.0037737921811640263
0.003774211974814534
0.003774130018427968
0.0037726822774857283
0.003772278083488345
0.0037716408260166645
0.0037704873830080032
0.0037715197540819645
0.0037713961210101843
0.003770567011088133
0.0037706210277974606
0.0037697437219321728
0.003768476890400052
0.0037696263752877712
0.0037691285833716393
0.0037687148433178663
0.0037678827065974474
0.0037684175185859203
0.0037675623316317797
0.0037668878212571144
0.0037669329904019833
0.0037671313621103764
0.0037655546329915524
0.0037657604552805424
0.0037650468293577433
0.00376496696844697
0.0037651932798326015
0.003764394437894225
0.0037639515940099955
0.0037637038622051477
0.0037638507783412933
0.0037636582273989916
0.0037634207401424646
0.003761980216950178
0.0037615951150655746
0.0037631825543940067
0.0037621569354087114
0.0037617625202983618
0.0037602619268000126
0.0037610684521496296
0.0037594924215227365
0.0037590698339045048
0.0037596377078443766
0.003759741084650159
0.0037589804269373417
0.0037586649414151907
0.0037571617867797613
0.0037571098655462265
0.0037583569064736366
0.0037568092811852694
0.003757548052817583
0.003756348043680191
0.0037557431496679783
0.0037560395430773497
0.0037553792353719473
0.0037539515178650618
0.0037549505941569805
0.003755277954041958
0.0037537901662290096
0.0037537491880357265
0.003752741264179349
0.0037526783999055624
0.0037532683927565813
0.003751734271645546
0.0037521268241107464
0.0037523487117141485
0.0037506131920963526
0.00375115848146379
0.0037502646446228027
0.003749650903046131
0.003750273259356618
0.0037492539267987013
0.0037490036338567734
0.0037484769709408283
0.003746971022337675
0.003747039707377553
0.0037476704455912113
0.003746595699340105
0.0037469251547008753
0.0037475754506886005
0.003745137481018901
0.003745903493836522
0.0037451034877449274
0.0037444639019668102
0.0037439933512359858
0.0037429791409522295
0.0037433647084981203
0.0037433032412081957
0.003742053173482418
0.00374236679635942
0.0037419830914586782
0.0037405826151371002
0.0037403281312435865
0.0037398089189082384
0.0037399493157863617
0.0037392161320894957
0.003739231266081333
0.003738416824489832
0.0037371008656919003
0.0037378754932433367
0.003737450111657381
0.003737074788659811
0.003736598417162895
0.003735956735908985
0.0037359080743044615
0.0037357958499342203
0.0037344498559832573
0.00373481516726315
0.003733893856406212
0.0037329355254769325
0.003733034711331129
0.003732687095180154
0.0037323725409805775
0.0037323308642953634
0.003731729928404093
0.003732245648279786
0.0037312274798750877
0.0037299455143511295
0.003730247961357236
0.0037301883567124605
0.0037295641377568245
0.0037285478319972754
0.003727676346898079
0.003728008596226573
0.0037273908965289593
0.003726518712937832
0.0037264965940266848
0.0037262302357703447
0.0037258430384099483
0.0037252705078572035
0.003725167829543352
0.003724822076037526
0.00372451264411211
0.0037237503565847874
0.0037233387120068073
0.0037225414998829365
0.003722374327480793
0.0037226087879389524
0.0037218208890408278
0.003721171524375677
0.0037208227440714836
0.003720418782904744
0.0037204709369689226
0.003719847882166505
0.0037197216879576445
0.003719440195709467
0.0037184252869337797
0.00371762877330184
0.003717561950907111
0.003717282088473439
0.0037164269015192986
0.0037166201509535313
0.00371643528342247
0.003716316306963563
0.00371506717056036
0.0037152015138417482
0.0037151884753257036
0.003715020604431629
0.003713874379172921
0.00371344992890954
0.0037133176811039448
0.0037131004501134157
0.0037129719275981188
0.003712734440341592
0.0037122764624655247
0.0037116336170583963
0.0037112971767783165
0.0037102156784385443
0.003710224526003003
0.003709393786266446
0.0037093281280249357
0.0037096096202731133
0.0037099006585776806
0.003709216136485338
0.0037086005322635174
0.0037081928458064795
0.003707519266754389
0.0037068845704197884
0.003707466647028923
0.003706796793267131
0.0037063804920762777
0.0037064533680677414
0.0037048286758363247
0.003705092705786228
0.00370498513802886
0.0037047103978693485
0.003703909693285823
0.0037032589316368103
0.003702957648783922
0.0037027504295110703
0.0037027844227850437
0.0037019310984760523
0.0037018852308392525
0.0037013969849795103
0.0037011713720858097
0.0037006058264523745
0.0036995874252170324
0.0037000649608671665
0.0036991911474615335
0.003699246095493436
0.003699528519064188
0.00369889079593122
0.0036981559824198484
0.0036973997484892607
0.003696814412251115
0.0036969587672501802
0.003696904983371496
0.0036957375705242157
0.0036963142920285463
0.0036956549156457186
0.00369584234431386
0.0036944211460649967
0.0036947026383131742
0.0036947745829820633
0.003693612292408943
0.003694216487929225
0.0036939182318747044
0.0036933599039912224
0.0036926434841006994
0.0036918437108397484
0.003690961981192231
0.003692211816087365
0.0036925601307302713
0.0036915403325110674
0.0036903226282447577
0.003689919365569949
0.0036897193640470505
0.0036888024769723415
0.00368916685692966
0.003689482808113098
0.0036889174953103065
0.0036881084088236094
0.0036875572986900806
0.0036874173674732447
0.003687372663989663
0.003687717020511627
0.003687047166749835
0.0036857621744275093
0.0036856215447187424
0.003685396397486329
0.0036850348114967346
0.003685177071020007
0.003685194067656994
0.0036843367852270603
0.0036842222325503826
0.003683642949908972
0.0036832713522017
0.0036832101177424192
0.0036822014953941107
0.003682150738313794
0.003681630128994584
0.0036815162748098373
0.0036820198874920607
0.0036814480554312468
0.003680621739476919
0.003680917900055647
0.0036804943811148405
0.0036803530529141426
0.003680106718093157
0.003679849673062563
0.003679052460938692
0.00367887900210917
0.003678328590467572
0.0036776994820684195
0.0036776671186089516
0.0036774827167391777
0.003677862696349621
0.0036770119331777096
0.003676119027659297
0.0036752093583345413
0.0036752806045114994
0.0036760142538696527
0.0036757297348231077
0.0036752030719071627
0.0036745434626936913
0.0036749555729329586
0.0036748379934579134
0.003674347884953022
0.0036735108587890863
0.0036726195830851793
0.0036731399595737457
0.0036726361140608788
0.0036715916357934475
0.003671784419566393
0.003671809332445264
0.0036708228290081024
0.003671332960948348
0.0036709134001284838
0.003670985111966729
0.0036706572864204645
0.0036697410978376865
0.003669918980449438
0.0036695015151053667
0.003669563913717866
0.003669536439701915
0.0036693464498966932
0.0036683063954114914
0.003667689859867096
0.0036669836845248938
0.0036676921881735325
0.003667338751256466
0.0036667021922767162
0.003666723845526576
0.003665969939902425
0.003665683791041374
0.003665992757305503
0.0036654353607445955
0.0036654460709542036
0.003664989722892642
0.0036649261601269245
0.0036640421021729708
0.003663816722109914
0.0036638088058680296
0.003663070499897003
0.003662541974335909
0.003663382027298212
0.0036629943642765284
0.0036621354520320892
0.0036621978506445885
0.0036620658356696367
0.0036619463935494423
0.0036617049481719732
0.003661239519715309
0.0036606844514608383
0.003659977810457349
0.0036597533617168665
0.0036597060970962048
0.0036588157527148724
0.0036585971247404814
0.00365870026871562
0.0036581093445420265
0.003657821798697114
0.0036578874569386244
0.0036574762780219316
0.003656841581687331
0.0036564201582223177
0.0036563975736498833
0.0036565011832863092
0.0036551307421177626
0.00365463737398386
0.0036543000023812056
0.003654106752946973
0.003654161700978875
0.003654111409559846
0.003653883235529065
0.003653713036328554
0.003653062041848898
0.003652743762359023
0.0036530494689941406
0.0036520285066217184
0.0036518205888569355
0.0036504738964140415
0.0036503933370113373
0.0036505379248410463
0.003650542814284563
0.0036500960122793913
0.003648940706625581
0.003649192163720727
0.003648272482678294
0.003648363286629319
0.003648719983175397
0.003647884586825967
0.003648005425930023
0.0036480159033089876
0.0036473795771598816
0.0036470743361860514
0.003646489232778549
0.0036457094829529524
0.0036456945817917585
0.0036453776992857456
0.00364486500620842
0.0036448328755795956
0.003644934855401516
0.0036437183152884245
0.00364362308755517
0.0036434996873140335
0.0036426042206585407
0.0036425937432795763
0.0036431283224374056
0.0036429157480597496
0.003641474526375532
0.0036422668490558863
0.003641615156084299
0.003641782095655799
0.003641273593530059
0.0036409206222742796
0.0036412535700947046
0.003640180453658104
0.003640094306319952
0.003639830043539405
0.003639207687228918
0.0036390970926731825
0.003638393245637417
0.0036380551755428314
0.003638508729636669
0.003637960646301508
0.0036375161726027727
0.003636798355728388
0.003636960405856371
0.003636613255366683
0.0036362174432724714
0.0036351538728922606
0.0036353832110762596
0.003635410452261567
0.00363527680747211
0.0036350858863443136
0.003635467728599906
0.003634572960436344
0.0036338299978524446
0.003634361084550619
0.0036337184719741344
0.003633260726928711
0.0036336281336843967
0.0036331424489617348
0.0036329522263258696
0.0036333014722913504
0.0036321880761533976
0.003631655126810074
0.003631406696513295
0.0036301594227552414
0.003630144754424691
0.0036309140268713236
0.003630582010373473
0.0036306697875261307
0.0036305480170994997
0.003630334045737982
0.003629945684224367
0.0036298083141446114
0.003629360580816865
0.0036289647687226534
0.0036285347305238247
0.0036283540539443493
0.00362846115604043
0.0036280921194702387
0.0036276699975132942
0.003627021797001362
0.003627053229138255
0.003626142628490925
0.0036264106165617704
0.003626112127676606
0.003625615034252405
0.0036249824333935976
0.003624850418418646
0.0036243617068976164
0.0036240967456251383
0.003624602220952511
0.0036240729968994856
0.003623535856604576
0.0036226201336830854
0.003622551681473851
0.003622292308136821
0.0036217779852449894
0.0036215907894074917
0.0036214180290699005
0.0036211127880960703
0.0036210690159350634
0.0036206329241394997
0.0036208697129040956
0.0036204319912940264
0.0036201041657477617
0.003620130242779851
0.003619588678702712
0.003618851536884904
0.0036193106789141893
0.0036186615470796824
0.0036184063646942377
0.0036185290664434433
0.0036178454756736755
0.0036175998393446207
0.0036171150859445333
0.0036168245133012533
0.003616894129663706
0.003616511821746826
0.0036163460463285446
0.0036157933063805103
0.0036154757253825665
0.0036161732859909534
0.0036162021569907665
0.003615592373535037
0.0036154664121568203
0.0036147015634924173
0.003614269196987152
0.003613982116803527
0.003614191198721528
0.0036139017902314663
0.0036137450952082872
0.003613390028476715
0.0036124142352491617
0.0036117923445999622
0.0036118493881076574
0.0036120512522757053
0.0036116717383265495
0.003611662657931447
0.003611321561038494
0.0036111201625317335
0.003610349725931883
0.003610315266996622
0.0036101918667554855
0.003610172076150775
0.0036099853459745646
0.0036094398237764835
0.003609422827139497
0.003609106410294771
0.003608281258493662
0.0036081753205507994
0.003608366707339883
0.003607924794778228
0.003608281724154949
0.0036078263074159622
0.0036076209507882595
0.0036073762457817793
0.00360691687092185
0.003606643760576844
0.0036064055748283863
0.0036060791462659836
0.0036057501565665007
0.0036060328129678965
0.0036054535303264856
0.0036053680814802647
0.0036047620233148336
0.0036043855361640453
0.003604733617976308
0.003605149919167161
0.0036046470049768686
0.0036039280239492655
0.003603582503274083
0.0036038770340383053
0.0036037778481841087
0.00360350264236331
0.0036036435049027205
0.0036033240612596273
0.0036030630581080914
0.0036029249895364046
0.0036025703884661198
0.003602094715461135
0.0036019994877278805
0.0036015803925693035
0.003601697739213705
0.003601705189794302
0.0036013133358210325
0.0036014625802636147
0.0036012844648212194
0.003600846976041794
0.003600736614316702
0.003600151278078556
0.003599784569814801
0.003599874209612608
0.0035999093670397997
0.0035994681529700756
0.003599477931857109
0.0035991352051496506
0.0035990404430776834
0.0035980986431241035
0.003597809001803398
0.0035976881626993418
0.0035977736115455627
0.0035976518411189318
0.0035973615013062954
0.0035975221544504166
0.0035970602184534073
0.0035964609123766422
0.003596358001232147
0.0035958755761384964
0.0035951631143689156
0.0035955780185759068
0.003595397574827075
0.0035954746417701244
0.0035953607875853777
0.003594691166654229
0.0035945773124694824
0.003594516310840845
0.0035944522824138403
0.0035938627552241087
0.00359332631342113
0.003593211993575096
0.0035930576268583536
0.0035928755532950163
0.003592675318941474
0.0035923700779676437
0.0035921053495258093
0.0035917197819799185
0.003591414075344801
0.003591130953282118
0.0035914191976189613
0.0035908063873648643
0.003590694162994623
0.0035906853154301643
0.003590349806472659
0.00358998472802341
0.00359022687189281
0.003589632920920849
0.003589136293157935
0.0035892971791327
0.003589114872738719
0.0035887258127331734
0.0035884296521544456
0.0035883767995983362
0.003587850136682391
0.003587912069633603
0.0035877900663763285
0.003587559564039111
0.0035874424502253532
0.00358694139868021
0.0035865057725459337
0.0035868482664227486
0.003586241975426674
0.0035861264914274216
0.003585855010896921
0.003585446858778596
0.003585059428587556
0.003584346966817975
0.0035845728125423193
0.003584210993722081
0.0035839583724737167
0.0035843010991811752
0.0035844030790030956
0.003583744401112199
0.0035837641917169094
0.0035838184412568808
0.0035837043542414904
0.0035835462622344494
0.0035831548739224672
0.0035826852545142174
0.003582784440368414
0.0035823143552988768
0.0035820715129375458
0.003581742523238063
0.0035818354226648808
0.003581270342692733
0.0035814938601106405
0.003580845892429352
0.003580751596018672
0.0035803725477308035
0.0035800673067569733
0.0035802440252155066
0.0035803639329969883
0.0035798707976937294
0.003580192569643259
0.0035796307493001223
0.0035793983843177557
0.003578903153538704
0.0035786097869277
0.0035788973327726126
0.0035789699759334326
0.0035782053600996733
0.003577916417270899
0.0035773927811533213
0.0035774752032011747
0.0035775364376604557
0.003576735034584999
0.0035767091903835535
0.0035773026756942272
0.00357658788561821
0.003576460061594844
0.0035756819415837526
0.003576115006580949
0.0035761718172580004
0.0035756926517933607
0.0035760176833719015
0.0035754942800849676
0.0035755119752138853
0.003575545269995928
0.003575159702450037
0.0035746663343161345
0.003574525471776724
0.003574252827093005
0.0035739284940063953
0.003573679830878973
0.0035736015997827053
0.003573295194655657
0.003573196241632104
0.0035724712070077658
0.0035724022891372442
0.0035724123008549213
0.0035724935587495565
0.0035721203312277794
0.003571917535737157
0.0035717531573027372
0.003571799723431468
0.0035718053113669157
0.0035718518774956465
0.0035711994860321283
0.0035713405814021826
0.0035710311494767666
0.003570298897102475
0.003569834167137742
0.0035697168204933405
0.0035698560532182455
0.003569596214219928
0.003569564316421747
0.00356924906373024
0.003568983403965831
0.0035689983051270247
0.0035684776958078146
0.0035680285654962063
0.003568159881979227
0.003568077925592661
0.0035675810649991035
0.0035672851372510195
0.003567508887499571
0.0035669791977852583
0.0035670858342200518
0.0035665722098201513
0.0035664031747728586
0.0035661726724356413
0.0035655004903674126
0.0035652853548526764
0.0035650446079671383
0.0035648480989038944
0.00356484716758132
0.0035641470458358526
0.003563944948837161
0.003563665086403489
0.0035633123479783535
0.003563687903806567
0.00356366578489542
0.0035633316729217768
0.003563100937753916
0.0035624559968709946
0.003561996389180422
0.0035621877759695053
0.003561896039173007
0.0035614334046840668
0.003561062505468726
0.0035610420163720846
0.0035612708888947964
0.0035615703091025352
0.0035610119812190533
0.0035605961456894875
0.0035604715812951326
0.0035603714641183615
0.003560194745659828
0.0035601172130554914
0.0035599670372903347
0.0035592897329479456
0.0035589125473052263
0.0035589204635471106
0.0035589782055467367
0.0035585558507591486
0.0035587630700320005
0.00355851324275136
0.0035583139397203922
0.0035579244140535593
0.0035577586386352777
0.0035576708614826202
0.0035575295332819223
0.0035576235968619585
0.003557000309228897
0.0035569516476243734
0.0035566959995776415
0.003556856419891119
0.0035562855191528797
0.0035561590921133757
0.0035559271927922964
0.003556197742000222
0.0035555101931095123
0.003555829171091318
0.003555030096322298
0.003555153962224722
0.0035544156562536955
0.0035544359125196934
0.003553762100636959
0.0035534221678972244
0.0035534158814698458
0.0035528400912880898
0.0035520668607205153
0.003552267560735345
0.0035524163395166397
0.0035521793179214
0.003551870584487915
0.003551109228283167
0.0035509588196873665
0.0035508275032043457
0.00355003634467721
0.0035502705723047256
0.003550517139956355
0.00355020840652287
0.0035499001387506723
0.0035494216717779636
0.003549473360180855
0.003549186047166586
0.0035490752197802067
0.0035488742869347334
0.0035489036235958338
0.003548359964042902
0.0035482742823660374
0.003547870786860585
0.003547757863998413
0.0035468388814479113
0.003547295928001404
0.003547313390299678
0.00354666612111032
0.0035460670478641987
0.003546204650774598
0.0035461524967104197
0.0035458437632769346
0.0035455431789159775
0.0035453452728688717
0.003545429091900587
0.0035449338611215353
0.0035442886874079704
0.0035443860106170177
0.003544504987075925
0.003544472623616457
0.0035441976506263018
0.003543524071574211
0.003543352009728551
0.003543179715052247
0.003543140133842826
0.0035431431606411934
0.0035425869282335043
0.003542535472661257
0.0035423377994447947
0.003541809506714344
0.0035413720179349184
0.0035407973919063807
0.0035403494257479906
0.0035405175294727087
0.0035400723572820425
0.0035401165951043367
0.003539998782798648
0.00353976315818727
0.0035395431332290173
0.003539483528584242
0.0035389976110309362
0.003538857214152813
0.0035389335826039314
0.003538509365171194
0.0035378688480705023
0.0035370676778256893
0.003536711446940899
0.0035370669793337584
0.003536802716553211
0.0035368744283914566
0.003536046016961336
0.0035358131863176823
0.003535890718922019
0.00353549444116652
0.003535160096362233
0.003535163588821888
0.0035350259859114885
0.003534644842147827
0.003533881390467286
0.0035335083957761526
0.0035335803404450417
0.0035328043159097433
0.003532956587150693
0.003532922826707363
0.0035323305055499077
0.0035322571638971567
0.003531844587996602
0.0035314152482897043
0.0035314082633703947
0.0035313295666128397
0.0035311072133481503
0.0035303630866110325
0.003530077636241913
0.003530006157234311
0.003529063891619444
0.0035289875231683254
0.003529150504618883
0.0035288871731609106
0.0035285174380987883
0.003528487402945757
0.0035279104486107826
0.0035278445575386286
0.0035275740083307028
0.003527546301484108
0.003527003573253751
0.00352672440931201
0.0035263586323708296
0.0035260284785181284
0.0035257660783827305
0.003525279927998781
0.003525165840983391
0.00352489179931581
0.0035247739870101213
0.0035245015751570463
0.003524038940668106
0.003523886203765869
0.0035237728152424097
0.0035238482523709536
0.003523490158841014
0.0035231197252869606
0.003523157676681876
0.00352286733686924
0.0035223483573645353
0.003521926701068878
0.003521749284118414
0.0035217097029089928
0.0035212929360568523
0.0035208002664148808
0.0035202933941036463
0.0035205476451665163
0.003520002355799079
0.0035199967678636312
0.0035199280828237534
0.0035200577694922686
0.0035192305222153664
0.0035189238842576742
0.0035184351727366447
0.0035180305130779743
0.0035181844141334295
0.0035179092083126307
0.00351782888174057
0.0035175264347344637
0.003516578348353505
0.0035166582092642784
0.0035161757841706276
0.003515897085890174
0.0035160223487764597
0.0035158025566488504
0.0035156025551259518
0.003515127580612898
0.0035148379392921925
0.0035149178002029657
0.003514421870931983
0.003514231415465474
0.0035137201193720102
0.0035136074293404818
0.0035134591162204742
0.003513163886964321
0.0035132570192217827
0.003512835130095482
0.003512601600959897
0.0035123978741467
0.003512329887598753
0.0035118195228278637
0.0035111503675580025
0.0035106297582387924
0.0035107091534882784
0.00351051427423954
0.0035105759743601084
0.003510206239297986
0.0035100074019283056
0.0035098346415907145
0.003509126603603363
0.003509052563458681
0.00350862555205822
0.0035082001704722643
0.003507620422169566
0.003507236484438181
0.0035069859586656094
0.003507011104375124
0.003506499109789729
0.003505939384922385
0.003505667671561241
0.0035055652260780334
0.003505127038806677
0.003504868596792221
0.003504725405946374
0.0035044285468757153
0.003504261141642928
0.0035037253983318806
0.0035034562461078167
0.003502962877973914
0.0035023801028728485
0.0035023661330342293
0.0035017631016671658
0.0035015640314668417
0.0035011502914130688
0.0035011344589293003
0.003500852268189192
0.0035002599470317364
0.003500137012451887
0.003499639453366399
0.0034992480650544167
0.0034991425927728415
0.0034991074353456497
0.003498626174405217
0.003498248290270567
0.0034979619085788727
0.0034976103343069553
0.00349754118360579
0.003497379133477807
0.00349675165489316
0.0034966093953698874
0.0034965756349265575
0.003496321151033044
0.003495762823149562
0.003495548851788044
0.003495339769870043
0.003494777949526906
0.0034944433718919754
0.0034942266065627337
0.0034943006467074156
0.003493879223242402
0.003493804018944502
0.003493574680760503
0.0034932252019643784
0.003492669202387333
0.003492310643196106
0.00349211017601192
0.003491821466013789
0.003491349518299103
0.0034909287933260202
0.003490802366286516
0.0034910079557448626
0.0034905781503766775
0.0034901166800409555
0.00348986079916358
0.003489835886284709
0.0034895441494882107
0.003489074530079961
0.003488750895485282
0.0034886396024376154
0.0034887518268078566
0.003488371381536126
0.0034879439044743776
0.003488244954496622
0.0034879918675869703
0.003487357636913657
0.003486940171569586
0.0034869250375777483
0.003486811649054289
0.003486089641228318
0.0034857753198593855
0.0034857159480452538
0.0034855492413043976
0.003485547611489892
0.003485108260065317
0.003484566928818822
0.0034844002220779657
0.0034840297885239124
0.0034842886961996555
0.0034838453866541386
0.003483752952888608
0.0034838453866541386
0.0034832251258194447
0.0034826090559363365
0.0034826775081455708
0.0034826097544282675
0.00348220975138247
0.003481912659481168
0.0034818456042557955
0.003481823718175292
0.00348151964135468
0.0034810765646398067
0.0034808155614882708
0.0034808795899152756
0.0034806684125214815
0.0034796190448105335
0.0034796546678990126
0.003479769453406334
0.003479916136711836
0.003479634877294302
0.0034792672377079725
0.0034787349868565798
0.003478506812825799
0.0034779952839016914
0.003478019731119275
0.003477850230410695
0.003477513324469328
0.003477348480373621
0.0034773433580994606
0.0034768732730299234
0.0034765375312417746
0.0034765913151204586
0.00347641808912158
0.00347595545463264
0.0034758003894239664
0.003475583391264081
0.0034751531202346087
0.0034750967752188444
0.0034750057384371758
0.0034748895559459925
0.003474595258012414
0.003474028781056404
0.0034740434493869543
0.003473724005743861
0.003473584307357669
0.003473362186923623
0.003473316552117467
0.0034732206258922815
0.0034727733582258224
0.003472550306469202
0.003472172422334552
0.0034723468124866486
0.0034720762632787228
0.0034714839421212673
0.003471316769719124
0.00347114191390574
0.0034708422608673573
0.003470727941021323
0.0034706061705946922
0.0034702385310083628
0.0034697020892053843
0.003469190327450633
0.0034692948684096336
0.0034694743808358908
0.0034692157059907913
0.0034688152372837067
0.003468828508630395
0.003468545153737068
0.0034683281555771828
0.003468494163826108
0.0034685481805354357
0.0034680841490626335
0.003467981005087495
0.0034679702948778868
0.0034676697105169296
0.003467331174761057
0.0034672454930841923
0.0034667851869016886
0.0034669730812311172
0.00346683943644166
0.0034666904248297215
0.0034662685357034206
0.0034662068355828524
0.0034662731923162937
0.0034660641103982925
0.003465735586360097
0.003465664805844426
0.0034654238261282444
0.0034653120674192905
0.0034653630573302507
0.0034650403540581465
0.0034649886656552553
0.0034647074062377214
0.0034646971616894007
0.0034645923878997564
0.00346461683511734
0.0034642412792891264
0.0034640764351934195
0.0034639898221939802
0.003464236157014966
0.003463468747213483
0.003463397268205881
0.003462896915152669
0.003463032655417919
0.003462759079411626
0.003462591441348195
0.0034623360261321068
0.003462359309196472
0.0034622664097696543
0.0034621856175363064
0.0034621311351656914
0.0034620927181094885
0.0034616298507899046
0.0034614100586622953
0.003460907842963934
0.003461546031758189
0.0034613602329045534
0.0034610223956406116
0.003460450330749154
0.0034601762890815735
0.0034601078368723392
0.003460346255451441
0.003460204927250743
0.0034600095823407173
0.0034594836179167032
0.0034593732561916113
0.0034596824552863836
0.0034596670884639025
0.003459278726950288
0.003459315514191985
0.003459016792476177
0.003459313651546836
0.0034592682495713234
0.0034588323906064034
0.0034586158581078053
0.003458243329077959
0.003458560910075903
0.0034582915250211954
0.003458089428022504
0.0034578696358948946
0.0034578810445964336
0.0034578079357743263
0.0034574023447930813
0.0034575292374938726
0.003456993494182825
0.00345713272690773
0.0034569324925541878
0.003456889884546399
0.0034569690469652414
0.0034570451825857162
0.003456810489296913
0.0034566198009997606
0.0034561872016638517
0.0034562675282359123
0.0034565443638712168
0.003456327598541975
0.0034559424966573715
0.0034561208449304104
0.003456641687080264
0.0034561650827527046
0.0034561031498014927
0.0034561995416879654
0.0034559741616249084
0.0034557562321424484
0.0034559774212539196
0.0034559741616249084
0.003455814905464649
0.003455513156950474
0.0034554272424429655
0.003455445170402527
0.0034556863829493523
0.0034554440062493086
0.0034553036093711853
0.0034549832344055176
0.0034550947602838278
0.003455235157161951
0.0034551224671304226
0.003455112222582102
0.0034552125725895166
0.0034550316631793976
0.003455087775364518
0.0034550370182842016
0.0034548109397292137
0.003455172758549452
0.003455192781984806
0.003455070313066244
0.003455156460404396
0.003454926423728466
0.0034546598326414824
0.0034548002295196056
0.003454705700278282
0.003454311517998576
0.003454220248386264
0.003453989280387759
0.0034541671629995108
0.003454332472756505
0.0034544761292636395
0.0034541920758783817
0.003454371355473995
0.003454400459304452
0.0034542486537247896
0.003454310353845358
0.0034542835783213377
0.0034539641346782446
0.003454243065789342
0.0034539620392024517
0.00345345470122993
0.0034538002219051123
0.0034539285115897655
0.0034541296772658825
0.0034543187357485294
0.003453790443018079
0.003453587181866169
0.0034533487632870674
0.0034531112760305405
0.003453521989285946
0.003453571116551757
0.003453268203884363
0.003453308017924428
0.003453031647950411
0.0034529019612818956
0.0034531312994658947
0.0034531126730144024
0.003453049808740616
0.003452843986451626
0.0034524654038250446
0.003452931297942996
0.003452845150604844
0.0034521413035690784
0.00345258298330009
0.0034524924121797085
0.003452255856245756
0.003452498000115156
0.003452691249549389
0.0034524311777204275
0.0034523496869951487
0.003452275414019823
0.0034520591143518686
0.003451879834756255
0.003451938508078456
0.003451957833021879
0.003452200209721923
0.0034522381611168385
0.0034521690104156733
0.0034519690088927746
0.0034515331499278545
0.0034510998521000147
0.0034504809882491827
0.0034506656229496002
0.0034503794740885496
0.003450084012001753
0.003450193675234914
0.003450040938332677
0.003450235817581415
0.003450431628152728
0.00345038459636271
0.003450538497418165
0.0034504644572734833
0.0034505589865148067
0.003450675867497921
0.003450369229540229
0.0034502658527344465
0.0034503042697906494
0.0034505019430071115
0.003450736403465271
0.003450636751949787
0.0034507063683122396
0.0034508134704083204
0.0034505005460232496
0.0034505189396440983
0.0034502644557505846
0.003450915217399597
0.003450771328061819
0.0034505086950957775
0.003450670512393117
0.003450958989560604
0.0034507554955780506
0.003451036522164941
0.0034512195270508528
0.0034506944939494133
0.0034507480449974537
0.0034507012460380793
0.0034503359347581863
0.0034503943752497435
0.0034508653916418552
0.0034511948470026255
0.003450533142313361
0.0034506379161030054
0.003451215336099267
0.0034511962439864874
0.0034514267463237047
0.00345129007473588
0.0034511713311076164
0.003451051190495491
0.0034508048556745052
0.003451125929132104
0.003451480995863676
0.003451451426371932
0.0034512861166149378
0.0034514754079282284
0.0034519152250140905
0.0034517657477408648
0.0034519205801188946
0.0034515426959842443
0.0034516139421612024
0.003451537573710084
0.003451351774856448
0.0034518230240792036
0.0034517699386924505
0.003451400436460972
0.003451818600296974
0.003452103352174163
0.0034517510794103146
0.0034517187159508467
0.003452087054029107
0.0034521326888352633
0.0034518090542405844
0.003451939672231674
0.0034518535248935223
0.0034519166219979525
0.00345288822427392
0.0034522705245763063
0.003452260745689273
0.0034525864757597446
0.003452413249760866
0.0034525643568485975
0.003453080775216222
0.003452841192483902
0.003452602308243513
0.003452959004789591
0.00345339416526258
0.003453607438132167
0.0034534898586571217
0.0034533457364887
0.0034530372358858585
0.0034534595906734467
0.003453372046351433
0.003453706158325076
0.003453822573646903
0.0034539925400167704
0.003453729907050729
0.0034541161730885506
0.0034545341040939093
0.003454818157479167
0.0034550821874290705
0.003454516874626279
0.0034548291005194187
0.0034549073316156864
0.003455112222582102
0.0034549569245427847
0.00345489545725286
0.0034550288692116737
0.0034548058174550533
0.003455235157161951
0.0034551348071545362
0.0034551185090094805
0.003455633297562599
0.003455633297562599
0.003455736907199025
0.0034555108286440372
0.0034555692691355944
0.0034559813793748617
0.003456007456406951
0.003455543890595436
0.0034555464517325163
0.003455940168350935
0.003456232836470008
0.003455864265561104
0.0034557112958282232
0.0034561045467853546
0.003456203965470195
0.0034563138615339994
0.0034559101331979036
0.0034557124599814415
0.0034560272470116615
0.003456076141446829
0.0034559820778667927
0.0034559746272861958
0.0034560018684715033
0.0034559345804154873
0.00345643050968647
0.003456209087744355
0.0034563904628157616
0.0034571068827062845
0.0034570712596178055
0.0034572298172861338
0.0034565976820886135
0.0034562472719699144
0.0034564028028398752
0.0034562426153570414
0.0034564442466944456
0.00345650315284729
0.003456786274909973
0.003456820733845234
0.0034572093281894922
0.0034568298142403364
0.003457426792010665
0.0034574861638247967
0.003457186510786414
0.003456824691966176
0.0034568014089018106
0.0034572952426970005
0.003457669634371996
0.0034579155035316944
0.003458005376160145
0.0034582484513521194
0.0034576510079205036
0.0034578300546854734
0.0034581946674734354
0.003458178834989667
0.003458461258560419
0.0034583276137709618
0.0034578111954033375
0.0034581669606268406
0.0034584070090204477
0.003458340186625719
0.003458228660747409
0.0034586580004543066
0.003459103172644973
0.0034592316951602697
0.0034596805926412344
0.0034594587050378323
0.003459779778495431
0.0034598505590111017
0.0034596873447299004
0.0034606342669576406
0.0034606412518769503
0.0034601904917508364
0.0034601460210978985
0.0034606095869094133
0.0034605730324983597
0.0034610454458743334
0.0034615211188793182
0.0034616843331605196
0.0034619050566107035
0.0034613891039043665
0.0034614899195730686
0.0034619560465216637
0.0034624901600182056
0.003462806111201644
0.0034625926055014133
0.003462806809693575
0.003463358385488391
0.0034635316114872694
0.003463851986452937
0.0034639048390090466
0.003463862231001258
0.0034642592072486877
0.0034643523395061493
0.0034647714346647263
0.003464443376287818
0.0034651930909603834
0.003465865273028612
0.003465761663392186
0.0034658547956496477
0.0034667220897972584
0.003466603811830282
0.003466073889285326
0.0034656350035220385
0.003465263405814767
0.003465825691819191
0.0034659465309232473
0.0034664447885006666
0.0034665653947740793
0.0034663297701627016
0.003466145833954215
0.003466459456831217
0.0034667563159018755
0.0034678459633141756
0.0034678669180721045
0.00346797495149076
0.003468595677986741
0.003468681825324893
0.003468824317678809
0.003467915579676628
0.0034683984704315662
0.0034686976578086615
0.003468964248895645
0.003469604765996337
0.0034695311915129423
0.0034693777561187744
0.0034693137276917696
0.003469608724117279
0.003469283226877451
0.0034695633221417665
0.003469795687124133
0.003470375668257475
0.0034705204889178276
0.0034701654221862555
0.0034701370168477297
0.003469590563327074
0.0034701896365731955
0.0034705810248851776
0.0034704895224422216
0.0034703784622251987
0.003470811527222395
0.00347166508436203
0.0034716702066361904
0.0034720106050372124
0.003472019685432315
0.0034724408760666847
0.0034721470437943935
0.0034725842997431755
0.0034732616040855646
0.0034729079343378544
0.0034725693985819817
0.003473498160019517
0.0034736234229058027
0.0034738006070256233
0.003474058350548148
0.0034742371644824743
0.0034746071323752403
0.0034748048055917025
0.00347502320073545
0.0034750038757920265
0.003475136123597622
0.0034754809457808733
0.0034754243679344654
0.0034757391549646854
0.0034760793205350637
0.003476081183180213
0.0034759333357214928
0.0034763310104608536
0.0034768981859087944
0.003476510988548398
0.0034766308963298798
0.003476673038676381
0.0034774374216794968
0.0034775647800415754
0.003477228106930852
0.0034780525602400303
0.0034776742104440928
0.003477625548839569
0.0034782106522470713
0.0034786141477525234
0.0034786108881235123
0.003478823695331812
0.003479051636531949
0.0034787540789693594
0.003478986443951726
0.0034788907505571842
0.0034793794620782137
0.003479178762063384
0.0034790909849107265
0.003478788770735264
0.003479075152426958
0.003479796228930354
0.0034793962258845568
0.0034797065891325474
0.0034793149679899216
0.0034792660735547543
0.0034793242812156677
0.0034794851671904325
0.003479877719655633
0.003479728242382407
0.0034805925097316504
0.0034803866874426603
0.003480897517874837
0.0034805340692400932
0.0034809333737939596
0.003481096588075161
0.0034808150958269835
0.0034804705064743757
0.0034815415274351835
0.0034816167317330837
0.003481485415250063
0.003481741063296795
0.0034817783161997795
0.0034818171989172697
0.0034820500295609236
0.003482034895569086
0.0034825315233319998
0.00348231615498662
0.0034823385067284107
0.003482857719063759
0.003483101259917021
0.0034837936982512474
0.0034842966124415398
0.003484158543869853
0.003484122222289443
0.0034839485306292772
0.003484434448182583
0.00348472548648715
0.003484671702608466
0.00348480511456728
0.003484906628727913
0.003485313383862376
0.0034854679834097624
0.0034855594858527184
0.003485605586320162
0.0034858835861086845
0.0034864230547100306
0.00348658743314445
0.0034865494817495346
0.0034861359745264053
0.0034861189778894186
0.0034865878988057375
0.0034865473862737417
0.0034873837139457464
0.00348804728128016
0.003488650545477867
0.0034886833745986223
0.0034885099157691
0.003488947870209813
0.003488758113235235
0.003489087801426649
0.0034895504359155893
0.003489525057375431
0.003489254042506218
0.0034893339034169912
0.0034893075935542583
0.0034897872246801853
0.0034898517187684774
0.0034904377534985542
0.0034908433444797993
0.003491075476631522
0.00349169853143394
0.00349154113791883
0.00349125056527555
0.003491135546937585
0.0034912137780338526
0.0034916563890874386
0.0034922414924949408
0.0034923695493489504
0.003492316696792841
0.0034923055209219456
0.003492587013170123
0.0034927772358059883
0.0034923849161714315
0.0034924738574773073
0.003492575604468584
0.0034925290383398533
0.003492515068501234
0.0034928186796605587
0.003492282936349511
0.0034924817737191916
0.003492710879072547
0.0034934694413095713
0.003493690164759755
0.003494166536256671
0.0034941756166517735
0.003493915544822812
0.00349385105073452
0.0034945793449878693
0.0034946983214467764
0.0034947048407047987
0.003494489938020706
0.0034939476754516363
0.00349422637373209
0.003494452452287078
0.00349443475715816
0.003494713921099901
0.003494732780382037
0.0034950629342347383
0.003495429176837206
0.0034958794713020325
0.0034957239404320717
0.003496024990454316
0.0034967458341270685
0.00349654839374125
0.003496178425848484
0.003495731856673956
0.0034957488533109426
0.0034960489720106125
0.003495969111099839
0.0034958382602781057
0.0034961628261953592
0.0034973695874214172
0.0034979560878127813
0.003497619880363345
0.003497422207146883
0.003497703466564417
0.003498432459309697
0.003498994978144765
0.0034982257056981325
0.0034986850805580616
0.0034988916013389826
0.00349873723462224
0.0034987772814929485
0.0034989002160727978
0.0034999672789126635
0.003500470658764243
0.0035002718213945627
0.003500663209706545
0.0035016678739339113
0.003501462982967496
0.003501161467283964
0.0035015600733458996
0.003501154715195298
0.003501931671053171
0.00350273703224957
0.003502586390823126
0.0035028071142733097
0.003502629464492202
0.0035032578743994236
0.003503823885694146
0.0035034443717449903
0.00350386556237936
0.0035041822120547295
0.003504195949062705
0.003504114458337426
0.003504051361232996
0.003504166379570961
0.003504241583868861
0.0035052287857979536
0.0035058187786489725
0.003505656961351633
0.003505499567836523
0.003505283733829856
0.0035057661589235067
0.0035061314702033997
0.0035065177362412214
0.003506812732666731
0.003506541019305587
0.0035061496309936047
0.0035063675604760647
0.0035067698918282986
0.003506709588691592
0.003506530076265335
0.003506846260279417
0.003507171291857958
0.0035074164625257254
0.0035072965547442436
0.0035073880571871996
0.0035078770015388727
0.0035076355561614037
0.0035073927138000727
0.00350759900175035
0.0035077943466603756
0.0035083391703665257
0.0035084914416074753
0.0035087207797914743
0.003508396213874221
0.003508389461785555
0.003508674679324031
0.003508544061332941
0.0035082593094557524
0.003508936380967498
0.003509403672069311
0.00350962788797915
0.0035097580403089523
0.0035100907552987337
0.0035098535008728504
0.003510216251015663
0.0035099610686302185
0.0035100188106298447
0.003510151756927371
0.0035106802824884653
0.0035115268547087908
0.0035116225481033325
0.0035120819229632616
0.0035122204571962357
0.003512525698170066
0.00351272732950747
0.0035131301265209913
0.003512848634272814
0.0035131238400936127
0.0035135173238813877
0.0035136567894369364
0.003513878211379051
0.003513687988743186
0.0035134449135512114
0.0035137466620653868
0.003513952484354377
0.003514454700052738
0.0035144188441336155
0.0035149557515978813
0.003516022115945816
0.0035157694946974516
0.0035155783407390118
0.0035156819503754377
0.003515280783176422
0.0035151904448866844
0.00351545587182045
0.003515725489705801
0.003516231896355748
0.0035164649598300457
0.0035163601860404015
0.0035166190937161446
0.003516052383929491
0.0035164218861609697
0.0035168761387467384
0.00351751153357327
0.0035174707882106304
0.003517300821840763
0.0035173636861145496
0.0035178116522729397
0.0035175608936697245
0.0035175522789359093
0.003517907578498125
0.0035181045532226562
0.003518389305099845
0.003517866600304842
0.0035183164291083813
0.003518358338624239
0.003518293611705303
0.0035185220185667276
0.0035184891894459724
0.0035186843015253544
0.0035181238781660795
0.0035182517021894455
0.003519055899232626
0.0035192626528441906
0.0035192840732634068
0.003518720855936408
0.0035185383167117834
0.0035190372727811337
0.003450040938332677
