0.10098809003829956
0.08194263279438019
0.07363858819007874
0.07119535654783249
0.06873305141925812
0.05999406799674034
0.05744779109954834
0.0546434186398983
0.05054768547415733
0.04837701469659805
0.04764532670378685
0.047302551567554474
0.04667949676513672
0.045840710401535034
0.0457356832921505
0.04553856700658798
0.044386833906173706
0.044045496731996536
0.04403366893529892
0.04248414933681488
0.04149315878748894
0.039218708872795105
0.03684468939900398
0.03491362929344177
0.03420403599739075
0.03561454266309738
0.024205781519412994
0.023569980636239052
0.02324812486767769
0.023066213354468346
0.022965015843510628
0.022911574691534042
0.022929416969418526
0.02208429016172886
0.022044820711016655
0.022015608847141266
0.022012170404195786
0.02200615033507347
0.021996311843395233
0.021998846903443336
0.020113937556743622
0.020126203075051308
0.019498145207762718
0.0195002444088459
0.019282475113868713
0.01928100921213627
0.019281284883618355
0.019230784848332405
0.019229747354984283
0.019229205325245857
0.019228851422667503
0.01922859437763691
0.019228391349315643
0.019228234887123108
0.0192281324416399
0.01922806352376938
0.019228044897317886
0.01922806352376938
0.019216250628232956
0.019215809181332588
0.019215457141399384
0.019215136766433716
0.019214825704693794
0.019214525818824768
0.01921423152089119
0.019213935360312462
0.019213644787669182
0.0192133579403162
0.019213072955608368
0.019212791696190834
0.019212523475289345
0.019212255254387856
0.01921199820935726
0.019211746752262115
0.019211508333683014
0.019211282953619957
0.019211072474718094
0.01921088434755802
0.019210712984204292
0.019210562109947205
0.019210435450077057
0.0192103311419487
0.019210265949368477
0.019210224971175194
0.019210210070014
0.019210243597626686
0.019199848175048828
0.01919945329427719
0.019199132919311523
0.019198833033442497
0.019198548048734665
0.019198264926671982
0.019197989255189896
0.01919770985841751
0.019197434186935425
0.019197162240743637
0.0191968884319067
0.01919662207365036
0.019196361303329468
0.019196104258298874
0.01919584535062313
0.01919560320675373
0.019195370376110077
0.01919514685869217
0.019194941967725754
0.019194744527339935
0.01919456571340561
0.019194409251213074
0.01919426955282688
0.019194161519408226
0.019194073975086212
0.019194019958376884
0.019193993881344795
0.01919400691986084
0.0191848985850811
0.0191845390945673
0.019184233620762825
0.01918395608663559
0.019183680415153503
0.019183414056897163
0.019183147698640823
0.019182885065674782
0.019182618707418442
0.01918235793709755
0.019182095304131508
0.019181832671165466
0.019181575626134872
0.019181320443749428
0.01918106898665428
0.01918083243072033
0.019180595874786377
0.01918037235736847
0.019180158153176308
0.01917995885014534
0.019179770722985268
0.019179604947566986
0.0191794540733099
0.0191793292760849
0.019179223105311394
0.019179144874215126
0.019179100170731544
0.0191790871322155
0.019179096445441246
0.01917026937007904
0.019169917330145836
0.019169626757502556
0.019169354811310768
0.019169092178344727
0.019168833270668983
0.01916857622563839
0.019168313592672348
0.019168058410286903
0.01916780136525631
0.019167546182870865
0.01916729100048542
0.019167041406035423
0.019166793674230576
0.019166551530361176
0.01916632056236267
0.019166089594364166
0.019165875390172005
0.01916566491127014
0.01916547864675522
0.019165294244885445
0.01916513778269291
0.019165001809597015
0.01916486956179142
0.01916477270424366
0.01916470378637314
0.019164664670825005
0.019164646044373512
0.019164668396115303
0.019156107679009438
0.01915576495230198
0.019155483692884445
0.019155219197273254
0.01915496401488781
0.019154708832502365
0.019154459238052368
0.019154207780957222
0.019153956323862076
0.01915370486676693
0.019153453409671783
0.019153205677866936
0.019152961671352386
0.019152719527482986
0.019152488559484482
0.019152257591485977
0.019152037799358368
0.019151823595166206
0.01915162429213524
0.019151438027620316
0.019151262938976288
0.019151104614138603
0.019150972366333008
0.019150856882333755
0.019150760024785995
0.019150694832205772
0.01915065385401249
0.019150644540786743
0.01915067806839943
0.019142379984259605
0.01914205029606819
0.019141770899295807
0.019141515716910362
0.019141266122460365
0.019141018390655518
0.01914077252149582
0.01914052851498127
0.019140280783176422
0.019140036776661873
0.019139790907502174
0.019139550626277924
0.019139310345053673
0.01913907378911972
0.019138844683766365
0.019138621166348457
0.019138414412736893
0.01913820207118988
0.01913800649344921
0.019137827679514885
0.01913764886558056
0.01913749985396862
0.019137362018227577
0.019137253984808922
0.01913716271519661
0.019137103110551834
0.019137056544423103
0.019137052819132805
0.019137080758810043
0.019129054620862007
0.01912873238325119
0.019128460437059402
0.019128207117319107
0.01912796124815941
0.019127720966935158
0.019127480685710907
0.019127240404486656
0.019127001985907555
0.019126761704683304
0.01912652514874935
0.0191262848675251
0.019126052036881447
0.019125821068882942
0.019125595688819885
0.019125375896692276
0.019125165417790413
0.019124962389469147
0.019124770537018776
0.01912459172308445
0.019124425947666168
0.019124271348118782
0.019124150276184082
0.01912403292953968
0.019123947247862816
0.019123880192637444
0.019123848527669907
0.019123844802379608
0.01912386156618595
0.019116098061203957
0.019115786999464035
0.019115526229143143
0.019115276634693146
0.019115041941404343
0.01911480352282524
0.01911456324160099
0.019114332273602486
0.019114095717668533
0.01911386102437973
0.019113626331090927
0.019113391637802124
0.01911315880715847
0.01911293715238571
0.019112715497612953
0.01911250688135624
0.01911229081451893
0.01911209337413311
0.019111908972263336
0.01911173202097416
0.01911156438291073
0.01911141537129879
0.019111286848783493
0.019111180678009987
0.019111093133687973
0.019111033529043198
0.019110988825559616
0.01911098323762417
0.019111018627882004
0.019103504717350006
0.01910320110619068
0.019102944061160088
0.01910270005464554
0.019102469086647034
0.01910223811864853
0.019102005288004875
0.01910177245736122
0.019101545214653015
0.019101310521364212
0.019101081416010857
0.01910085417330265
0.019100628793239594
0.019100403413176537
0.019100185483694077
0.019099975004792213
0.019099771976470947
0.019099576398730278
0.019099382683634758
0.019099215045571327
0.019099051132798195
0.019098902121186256
0.01909877546131611
0.019098667427897453
0.01909857988357544
0.019098520278930664
0.01909848302602768
0.019098475575447083
0.019098499789834023
0.01909124106168747
0.019090944901108742
0.019090699031949043
0.01909046061336994
0.019090231508016586
0.01909000426530838
0.019089777022600174
0.01908954791724682
0.01908932439982891
0.019089095294475555
0.0190888661891222
0.01908864453434944
0.019088419154286385
0.019088201224803925
0.019087988883256912
0.0190877802670002
0.019087575376033783
0.019087381660938263
0.01908719725906849
0.01908702403306961
0.019086863845586777
0.019086718559265137
0.01908659003674984
0.019086474552750587
0.01908639818429947
0.019086329266428947
0.01908629760146141
0.019086282700300217
0.019086308777332306
0.01907929964363575
0.019079014658927917
0.019078770652413368
0.019078539684414864
0.019078314304351807
0.019078092649579048
0.01907786913216114
0.019077645614743233
0.019077422097325325
0.019077200442552567
0.019076978787779808
0.0190767552703619
0.01907653734087944
0.01907632127404213
0.019076110795140266
0.019075902178883553
0.019075701013207436
0.019075512886047363
0.019075332209467888
0.01907515712082386
0.019075000658631325
0.019074855372309685
0.019074728712439537
0.019074618816375732
0.01907452940940857
0.019074466079473495
0.01907442882657051
0.019074415788054466
0.01907443441450596
0.0190676748752594
0.019067393615841866
0.019067153334617615
0.019066929817199707
0.01906670443713665
0.01906649023294449
0.01906627044081688
0.01906605064868927
0.01906583085656166
0.0190656129270792
0.019065391272306442
0.019065171480178833
0.01906495913863182
0.01906474120914936
0.019064536318182945
0.01906433142721653
0.019064130261540413
0.01906394399702549
0.019063763320446014
0.019063591957092285
0.0190634373575449
0.01906329020857811
0.01906316913664341
0.019063055515289307
0.019062962383031845
0.01906289905309677
0.019062858074903488
0.019062843173742294
0.019062858074903488
0.01905633881688118
0.01905606873333454
0.01905583217740059
0.01905561238527298
0.019055398181080818
0.019055182114243507
0.019054967910051346
0.019054751843214035
0.019054537639021873
0.019054319709539413
0.019054103642702103
0.019053885713219643
0.01905367337167263
0.019053462892770767
0.019053254276514053
0.019053053110837936
0.019052857533097267
0.019052667543292046
0.01905248686671257
0.01905231922864914
0.019052155315876007
0.019052017480134964
0.019051892682909966
0.019051777198910713
0.019051693379878998
0.019051624462008476
0.019051577895879745
0.01905156299471855
0.019051576033234596
0.019045289605855942
0.01904502511024475
0.019044797867536545
0.019044578075408936
0.019044367596507072
0.01904415711760521
0.019043946638703346
0.019043732434511185
0.019043520092964172
0.01904330775141716
0.019043095409870148
0.019042883068323135
0.019042670726776123
0.01904246397316456
0.019042255356907845
0.019042057916522026
0.019041864201426506
0.019041674211621284
0.01904149539768696
0.019041327759623528
0.019041167572140694
0.01904102973639965
0.019040897488594055
0.01904078759253025
0.01904069446027279
0.019040625542402267
0.019040584564208984
0.019040554761886597
0.019040565937757492
0.019034510478377342
0.019034255295991898
0.01903403364121914
0.019033821299672127
0.019033612683415413
0.0190334040671587
0.019033197313547134
0.01903298683464527
0.019032780081033707
0.019032571464776993
0.01903235726058483
0.019032150506973267
0.019031941890716553
0.019031735137104988
0.019031532108783722
0.019031330943107605
0.019031139090657234
0.01903095468878746
0.019030774012207985
0.019030608236789703
0.01903044432401657
0.01903030462563038
0.019030174240469933
0.01903006248176098
0.019029967486858368
0.01902988739311695
0.01902984268963337
0.019029827788472176
0.019029825925827026
0.019029859453439713
0.01902332715690136
0.019023064523935318
0.019022835418581963
0.0190226212143898
0.019022410735487938
0.019022202119231224
0.01902199350297451
0.019021784886717796
0.019021576270461082
0.01902136392891407
0.019021159037947655
0.01902095600962639
0.019020751118659973
0.019020546227693558
0.01902034878730774
0.019020158797502518
0.019019972532987595
0.01901979371905327
0.01901962421834469
0.01901947148144245
0.019019320607185364
0.019019197672605515
0.019019080325961113
0.019018983468413353
0.019018912687897682
0.019018854945898056
0.019018828868865967
0.01901882514357567
0.019018858671188354
0.019012564793229103
0.01901230961084366
0.01901208609342575
0.01901187375187874
0.019011666998267174
0.019011463969945908
0.019011259078979492
0.019011052325367928
0.019010847434401512
0.019010642543435097
0.019010433927178383
0.019010230898857117
0.019010029733181
0.01900983229279518
0.019009634852409363
0.019009442999958992
0.01900925673544407
0.019009077921509743
0.01900891400873661
0.019008755683898926
0.019008604809641838
0.01900847628712654
0.01900836080312729
0.01900826394557953
0.01900819130241871
0.019008127972483635
0.019008103758096695
0.01900809444487095
0.019008124247193336
0.019002066925168037
0.01900181546807289
0.01900159940123558
0.019001392647624016
0.01900118961930275
0.019000988453626633
0.019000789150595665
0.0190005861222744
0.019000383093953133
0.019000181928277016
0.01899997517466545
0.018999775871634483
0.018999576568603516
0.018999380990862846
0.018999183550477028
0.018998991698026657
0.01899881288409233
0.018998635932803154
0.018998466432094574
0.01899830624461174
0.0189981609582901
0.018998028710484505
0.018997913226485252
0.018997812643647194
0.018997734412550926
0.018997672945261
0.018997637555003166
0.01899763196706772
0.01899764873087406
0.018991822376847267
0.018991578370332718
0.018991366028785706
0.01899116486310959
0.01899096556007862
0.018990766257047653
0.018990565091371536
0.018990369513630867
0.01899016834795475
0.018989967182278633
0.018989767879247665
0.018989568576216698
0.01898936927318573
0.018989169970154762
0.01898898184299469
0.01898878999054432
0.018988607451319695
0.018988430500030518
0.018988260999321938
0.018988104537129402
0.01898796297609806
0.018987827003002167
0.018987705931067467
0.01898760162293911
0.018987519666552544
0.01898745633661747
0.018987415358424187
0.018987402319908142
0.018987415358424187
0.0189818162471056
0.018981579691171646
0.01898137293756008
0.018981173634529114
0.018980978056788445
0.018980780616402626
0.018980588763952255
0.018980391323566437
0.01898019388318062
0.01897999458014965
0.01897980086505413
0.018979601562023163
0.018979405984282494
0.018979210406541824
0.018979016691446304
0.018978828564286232
0.018978647887706757
0.01897847279906273
0.018978305160999298
0.018978143110871315
0.018977997824549675
0.01897786371409893
0.01897774636745453
0.018977642059326172
0.01897754892706871
0.018977489322423935
0.018977440893650055
0.01897742599248886
0.018977435305714607
0.018972055986523628
0.018971825018525124
0.018971623852849007
0.018971428275108337
0.018971232697367668
0.018971040844917297
0.018970848992466927
0.018970655277371407
0.018970463424921036
0.018970265984535217
0.0189700685441494
0.01896987482905388
0.01896968111395836
0.01896948739886284
0.018969297409057617
0.018969111144542694
0.01896892860531807
0.01896875537931919
0.01896858401596546
0.018968423828482628
0.01896827295422554
0.018968138843774796
0.018968019634485245
0.01896790601313114
0.018967820331454277
0.018967753276228905
0.018967704847455025
0.018967680633068085
0.018967686221003532
0.018962519243359566
0.01896229386329651
0.01896209828555584
0.01896190643310547
0.018961720168590546
0.018961528316140175
0.018961340188980103
0.01896115206182003
0.01896095834672451
0.01896076463162899
0.01896057091653347
0.0189603753387928
0.01896018162369728
0.01895998977124691
0.018959801644086838
0.018959620967507362
0.01895943470299244
0.01895925961434841
0.01895909570157528
0.018958935514092445
0.01895877905189991
0.018958644941449165
0.018958520144224167
0.018958410248160362
0.0189583171159029
0.01895824819803238
0.018958192318677902
0.018958166241645813
0.018958166241645813
0.01895320974290371
0.0189529899507761
0.01895279623568058
0.018952609971165657
0.018952427431941032
0.01895223930478096
0.018952054902911186
0.018951866775751114
0.018951674923300743
0.01895148493349552
0.0189512949436903
0.01895110495388508
0.018950913101434708
0.018950721248984337
0.018950533121824265
0.01895034871995449
0.018950168043375015
0.018949992954730988
0.018949829041957855
0.01894966885447502
0.018949514254927635
0.018949374556541443
0.018949249759316444
0.01894914172589779
0.018949046730995178
0.01894896663725376
0.018948907032608986
0.0189488735049963
0.018948866054415703
0.018948884680867195
0.018943531438708305
0.01894330605864525
0.01894311048090458
0.018942920491099358
0.018942734226584435
0.018942544236779213
0.01894235797226429
0.01894216798245907
0.018941979855298996
0.018941789865493774
0.018941598013043404
0.018941408023238182
0.01894121989607811
0.018941031768918037
0.018940843641757965
0.018940668553113937
0.01894049160182476
0.01894032210111618
0.018940161913633347
0.018940012902021408
0.018939867615699768
0.01893974281847477
0.018939627334475517
0.018939530476927757
0.01893945224583149
0.018939388915896416
0.018939349800348282
0.018939334899187088
0.018939347937703133
0.018934212625026703
0.018933990970253944
0.018933799117803574
0.0189336109906435
0.018933428451418877
0.018933244049549103
0.01893305964767933
0.018932877108454704
0.018932687118649483
0.01893250085413456
0.018932310864329338
0.018932119011878967
0.018931934610009193
0.01893174834549427
0.018931563943624496
0.01893138326704502
0.018931210041046143
0.018931042402982712
0.018930884078145027
0.01893072947859764
0.018930582329630852
0.018930457532405853
0.01893034018576145
0.018930241465568542
0.018930155783891678
0.018930092453956604
0.018930047750473022
0.01893002726137638
0.018930040299892426
0.01892511174082756
0.0189248975366354
0.018924709409475327
0.01892452873289585
0.018924348056316376
0.01892416924238205
0.018923984840512276
0.01892380230128765
0.018923616036772728
0.018923429772257805
0.018923241645097733
0.01892305351793766
0.018922865390777588
0.018922682851552963
0.018922504037618637
0.018922321498394012
0.018922150135040283
0.018921982496976852
0.018921824172139168
0.01892166957259178
0.01892152614891529
0.018921388313174248
0.018921270966529846
0.018921170383691788
0.018921080976724625
0.01892101764678955
0.018920965492725372
0.018920935690402985
0.01892094500362873
0.01891622319817543
0.018916014581918716
0.018915832042694092
0.018915653228759766
0.01891547627747059
0.018915299326181412
0.018915118649601936
0.01891493611037731
0.018914753571152687
0.01891457289457321
0.018914388492703438
0.018914202228188515
0.01891401596367359
0.018913835287094116
0.018913649022579193
0.018913472071290016
0.01891329512000084
0.018913131207227707
0.018912969157099724
0.018912814557552338
0.018912671133875847
0.018912531435489655
0.018912415951490402
0.01891230419278145
0.018912216648459435
0.018912144005298615
0.018912091851234436
0.018912065774202347
0.0189120601862669
0.01891207881271839
0.018906980752944946
0.018906766548752785
0.018906574696302414
0.01890639215707779
0.018906215205788612
0.018906034529209137
0.01890585385262966
0.018905669450759888
0.018905486911535263
0.018905308097600937
0.018905121833086014
0.01890493743121624
0.018904754891991615
0.01890457049012184
0.018904393538832664
0.018904218450188637
0.018904052674770355
0.018903888761997223
0.018903736025094986
0.018903590738773346
0.018903451040387154
0.018903328105807304
0.01890322007238865
0.018903125077486038
0.018903056159615517
0.01890299655497074
0.018902957439422607
0.01890295185148716
0.018902963027358055
0.018898077309131622
0.01889786869287491
0.018897680565714836
0.01889750361442566
0.01889733038842678
0.018897153437137604
0.01889697276055813
0.018896792083978653
0.01889660954475403
0.01889643259346485
0.018896248191595078
0.018896065652370453
0.018895884975790977
0.018895702436566353
0.018895527347922325
0.018895352259278297
0.018895186483860016
0.018895018845796585
0.018894866108894348
0.01889471709728241
0.018894581124186516
0.018894454464316368
0.018894338980317116
0.018894242122769356
0.01889416202902794
0.018894100561738014
0.01889405958354473
0.018894046545028687
0.018894057720899582
0.018889375030994415
0.018889170140028
0.018888989463448524
0.018888814374804497
0.01888863928616047
0.01888846419751644
0.018888287246227264
0.018888112157583237
0.01888793520629406
0.018887754529714584
0.018887577578425407
0.018887395039200783
0.018887214362621307
0.01888703741133213
0.018886860460042953
0.018886685371398926
0.018886517733335495
0.018886348232626915
0.018886201083660126
0.01888604834675789
0.018885910511016846
0.018885785713791847
0.018885664641857147
0.018885565921664238
0.018885482102632523
0.01888541877269745
0.018885374069213867
0.018885351717472076
0.018885347992181778
0.018885379657149315
0.01888032630085945
0.018880115821957588
0.018879929557442665
0.01887975074350834
0.018879573792219162
0.018879398703575134
0.018879221752285957
0.018879041075706482
0.018878864124417305
0.01887868531048298
0.018878502771258354
0.018878323957324028
0.018878145143389702
0.018877971917390823
0.018877794966101646
0.018877627328038216
0.018877465277910233
0.018877306953072548
0.018877165392041206
0.018877018243074417
0.01887688785791397
0.01887677237391472
0.018876666203141212
0.0188765786588192
0.01887650601565838
0.018876459449529648
0.01887642592191696
0.01887643150985241
0.01887213997542858
0.01887194812297821
0.018871773034334183
0.018871605396270752
0.01887143775820732
0.01887127012014389
0.01887109875679016
0.018870925530791283
0.018870754167437553
0.018870579078793526
0.018870403990149498
0.018870225176215172
0.018870044499635696
0.018869871273636818
0.01886969432234764
0.018869522958993912
0.01886935532093048
0.01886918768286705
0.018869027495384216
0.018868884071707726
0.018868744373321533
0.01886860840022564
0.01886848546564579
0.018868383020162582
0.01886829361319542
0.01886821538209915
0.01886816881597042
0.01886812597513199
0.01886812038719654
0.018868127837777138
0.01886349730193615
0.018863297998905182
0.018863119184970856
0.018862949684262276
0.018862778320908546
0.018862608820199966
0.018862439319491386
0.01886226236820221
0.018862087279558182
0.018861912190914154
0.018861738964915276
0.01886156015098095
0.01886156015098095
