0.05092993751168251
0.03766945004463196
0.026850014925003052
0.026699742302298546
0.026856709271669388
0.02668796107172966
0.026044635102152824
0.025784241035580635
0.022568633779883385
0.021090863272547722
0.017729025334119797
0.017942283302545547
0.016533561050891876
0.017421508207917213
0.017510224133729935
0.01715344935655594
0.01587262935936451
0.017325270920991898
0.016317732632160187
0.016239464282989502
0.01612415350973606
0.015360206365585327
0.016677727922797203
0.015327474102377892
0.015108373016119003
0.015292184427380562
0.015274932608008385
0.013953088782727718
0.014444306492805481
0.014552180655300617
0.014181052334606647
0.0143649373203516
0.014327420853078365
0.015030676499009132
0.013953189365565777
0.015071140602231026
0.013707593083381653
0.013117820024490356
0.01363461371511221
0.01462159026414156
0.013285324908792973
0.014432733878493309
0.012877125293016434
0.01298426277935505
0.01297082006931305
0.01279557216912508
0.012839681468904018
0.012436041608452797
0.012322837486863136
0.012402043677866459
0.011772220022976398
0.011932706460356712
0.012384560890495777
0.01182556338608265
0.011345721781253815
0.011641052551567554
0.011308107525110245
0.01133845467120409
0.011190795339643955
0.011263071559369564
0.011472100391983986
0.011258288286626339
0.011076240800321102
0.01158292405307293
0.01141358632594347
0.010716011747717857
0.011060421355068684
0.01095476746559143
0.010583864524960518
0.010509878396987915
0.01024044118821621
0.010472781024873257
0.010301371105015278
0.010156325064599514
0.010216922499239445
0.010135332122445107
0.010041894391179085
0.009982769377529621
0.009935778565704823
0.009922836907207966
0.010026223957538605
0.009500793181359768
0.009926917962729931
0.009917900897562504
0.009713951498270035
0.009674333035945892
0.009825406596064568
0.009585578925907612
0.009553457610309124
0.009560437873005867
0.009661739692091942
0.00970496516674757
0.009402703493833542
0.009398505091667175
0.009426265023648739
0.009405165910720825
0.009148390963673592
0.00918828696012497
0.0093925092369318
0.009359000250697136
0.009016883559525013
0.009007466956973076
0.008883439935743809
0.008933380246162415
0.008839859627187252
0.00889043603092432
0.008859333582222462
0.008667238987982273
0.008705666288733482
0.00853935070335865
0.00848474632948637
0.00841041561216116
0.008374929428100586
0.008262906223535538
0.008259676396846771
0.008338713087141514
0.008383974432945251
0.008409064263105392
0.008432203903794289
0.008297255262732506
0.0083549739792943
0.008266478776931763
0.008197734132409096
0.008174982853233814
0.008171440102159977
0.008220197632908821
0.008163447491824627
0.008190030232071877
0.008077725768089294
0.008074646815657616
0.008008699864149094
0.008001967333257198
0.008032053709030151
0.0079431664198637
0.007948744110763073
0.007906279526650906
0.007908301427960396
0.00783445406705141
0.007825620472431183
0.007738665211945772
0.007756689563393593
0.0076859681867063046
0.00771049689501524
0.007666796445846558
0.007681114599108696
0.007640504743903875
0.0076428549364209175
0.007638978306204081
0.007608784828335047
0.007587114814668894
0.007559564430266619
0.007530459202826023
0.007494524586945772
0.0074907271191477776
0.0074556791223585606
0.0074409847147762775
0.007444505579769611
0.007433296646922827
0.007406588643789291
0.007418747525662184
0.007439939770847559
0.007449202239513397
0.007460812106728554
0.00748370960354805
0.007436044048517942
0.007429895456880331
0.007423700764775276
0.00743067404255271
0.007433984894305468
0.007426865864545107
0.007416965439915657
0.007411045953631401
0.007407960947602987
0.007378396578133106
0.007361767813563347
0.007355170324444771
0.007312652189284563
0.007319354452192783
0.007281898055225611
0.007288884371519089
0.007247298955917358
0.007215860299766064
0.007198878098279238
0.007179198320955038
0.007158462889492512
0.007102489937096834
0.007085699122399092
0.007038526702672243
0.007032210938632488
0.007027874700725079
0.006994463037699461
0.0069716693833470345
0.006956222467124462
0.006925090216100216
0.006897608749568462
0.00687083974480629
0.006857248023152351
0.006825895048677921
0.0068123298697173595
0.006778086069971323
0.006732267793267965
0.0067227729596197605
0.006713320966809988
0.0066931662149727345
0.006676951888948679
0.006649946328252554
0.006629005074501038
0.006615469232201576
0.006600411608815193
0.0065790945664048195
0.006574805825948715
0.00656878063455224
0.006567484699189663
0.0065474542789161205
0.0065192049369215965
0.00653234776109457
0.006519448012113571
0.006519747897982597
0.0065122866071760654
0.006501599680632353
0.006483526434749365
0.006470203399658203
0.006466777995228767
0.006458182819187641
0.006432018708437681
0.006446989253163338
0.006435635033994913
0.006412386894226074
0.006388837471604347
0.006382270250469446
0.006365770474076271
0.006356407888233662
0.00634712353348732
0.006338848266750574
0.006347729824483395
0.006337382365018129
0.006340471561998129
0.006314762867987156
0.00631477776914835
0.006295628845691681
0.006296379957348108
0.006286527495831251
0.006270969286561012
0.006258686538785696
0.0062517025507986546
0.006246968172490597
0.006232574116438627
0.0062183509580791
0.006214376073330641
0.006203101947903633
0.006202179938554764
0.0061904978938400745
0.00618783850222826
0.006182757206261158
0.0061718737706542015
0.006164103746414185
0.0061538489535450935
0.006154168862849474
0.006150917150080204
0.006131983362138271
0.006116201635450125
0.006110345479100943
0.006087469402700663
0.006053469609469175
0.006047186907380819
0.006024254485964775
0.006023067981004715
0.005997512489557266
0.005987066775560379
0.00597775774076581
0.005960187409073114
0.005953738931566477
0.005935783497989178
0.005921430420130491
0.005906940437853336
0.005905542988330126
0.005883017089217901
0.005881751887500286
0.005862359888851643
0.005851490423083305
0.005846207961440086
0.005831267684698105
0.005827807821333408
0.005817469675093889
0.005804099142551422
0.005800516810268164
0.005783879663795233
0.005773605778813362
0.0057657938450574875
0.00575391435995698
0.005744458641856909
0.005731581710278988
0.005721875932067633
0.00572170177474618
0.005709020420908928
0.005696558393537998
0.005686875898391008
0.005678006913512945
0.005667559336870909
0.005662429612129927
0.005651925224810839
0.005643066018819809
0.005634598899632692
0.0056228600442409515
0.005613255314528942
0.0055997599847614765
0.005593225825577974
0.005581097677350044
0.005564535036683083
0.005549336783587933
0.005534911993891001
0.0055257114581763744
0.005510739516466856
0.0055021243169903755
0.005487384740263224
0.005470939911901951
0.00545489601790905
0.00543852848932147
0.005422824062407017
0.005407680291682482
0.005388080142438412
0.00537587096914649
0.005359939765185118
0.0053507606498897076
0.005339695140719414
0.005332121159881353
0.005322103854268789
0.005314510781317949
0.005306967068463564
0.005299472250044346
0.005292403046041727
0.005285258870571852
0.00527875917032361
0.005274648778140545
0.005265742540359497
0.005265742540359497
