0.05318329855799675
0.03716055303812027
0.027010858058929443
0.02678791992366314
0.025792360305786133
0.021378787234425545
0.025648290291428566
0.02311134897172451
0.022888049483299255
0.018991300836205482
0.019651418551802635
0.019344070926308632
0.016596080735325813
0.019734004512429237
0.018018141388893127
0.020812874659895897
0.020137200132012367
0.021132152527570724
0.01987518183887005
0.01746855117380619
0.018177224323153496
0.016921937465667725
0.015246275812387466
0.014998563565313816
0.014140491373836994
0.013066394254565239
0.012962491251528263
0.012777745723724365
0.012401251122355461
0.012180518358945847
0.011705059558153152
0.01224906649440527
0.011828623712062836
0.011671562679111958
0.011516154743731022
0.011549876071512699
0.011512047611176968
0.01103342603892088
0.011119292117655277
0.01103003229945898
0.010994830168783665
0.010635762475430965
0.01052925456315279
0.010511912405490875
0.01023855060338974
0.010171621106564999
0.010053868405520916
0.009943574666976929
0.010028766468167305
0.010178228840231895
0.00986616313457489
0.009755130857229233
0.009613895788788795
0.00952537264674902
0.009457233361899853
0.00949657242745161
0.009275794960558414
0.009364749304950237
0.009291387163102627
0.009298892691731453
0.009260650724172592
0.00912579894065857
0.009049913845956326
0.009196092374622822
0.009023619815707207
0.009152506478130817
0.009090723469853401
0.009131533093750477
0.009061889722943306
0.008922901004552841
0.008914308622479439
0.008913800120353699
0.008864118717610836
0.008748695254325867
0.008731531910598278
0.00865871924906969
0.008538387715816498
0.008647242560982704
0.008607801049947739
0.008614079095423222
0.00879543274641037
0.008860122412443161
0.00885450467467308
0.008870415389537811
0.008816374465823174
0.008608820848166943
0.008520335890352726
0.00850991066545248
0.008454241789877415
0.008381962776184082
0.008414176292717457
0.008303448557853699
0.008229260332882404
0.00824734941124916
0.008223140612244606
0.008007367141544819
0.008034566417336464
0.007964158430695534
0.007958379574120045
0.007922051474452019
0.007855753414332867
0.007848565466701984
0.007857945747673512
0.0078003378584980965
0.007792436517775059
0.007739902939647436
0.007703524082899094
0.007662627380341291
0.007618048693984747
0.007599273696541786
0.007508354727178812
0.0075127361342310905
0.0075006685219705105
0.007466329727321863
0.007461876608431339
0.007421942427754402
0.0075008925050497055
0.007384643889963627
0.0073413182981312275
0.0073379529640078545
0.0073541076853871346
0.007222400046885014
0.0072975605726242065
0.007238046731799841
0.007150484248995781
0.007170291617512703
0.007171887904405594
0.007137723732739687
0.007067389320582151
0.0069893659092485905
0.006967054679989815
0.006956145167350769
0.006902133114635944
0.006853033322840929
0.006801122333854437
0.006742832716554403
0.006670648232102394
0.00659384997561574
0.006565711926668882
0.006530722137540579
0.006495235953480005
0.0064564854837954044
0.006415854673832655
0.006352175958454609
0.006300095468759537
0.0062697879038751125
0.006199846044182777
0.006155835464596748
0.006114267278462648
0.006101526319980621
0.006038902793079615
0.006006235722452402
0.005999562796205282
0.005965677555650473
0.0059212576597929
0.005903638433665037
0.0058736721985042095
0.005851502064615488
0.005829192232340574
0.005820451769977808
0.005786166992038488
0.00579249719157815
0.005768647417426109
0.005759146064519882
0.005727289244532585
0.0057061645202338696
0.005698426626622677
0.005680619273334742
0.005692737642675638
0.005690054036676884
0.005675206426531076
0.005657739005982876
0.005655137822031975
0.005648696795105934
0.005650636740028858
0.005635559558868408
0.005650464445352554
0.005621717311441898
0.005615063011646271
0.005610944237560034
0.0055968076921999454
0.005585446022450924
0.005587404128164053
0.0055739437229931355
0.005546853877604008
0.005549448076635599
0.005533294286578894
0.005534722935408354
0.0055125076323747635
0.005497117526829243
0.005505044478923082
0.005490847397595644
0.0054878429509699345
0.005472165532410145
0.0054724873043596745
0.0054695867002010345
0.005450592841953039
0.005420946050435305
0.005423488095402718
0.005444908048957586
0.005430419463664293
0.005409270990639925
0.005405861418694258
0.00539812259376049
0.005360790062695742
0.005367921199649572
0.005338681861758232
0.005369259975850582
0.005362980999052525
0.005339262541383505
0.005332838743925095
0.005351976957172155
0.005324727389961481
0.005318690091371536
0.005285735707730055
0.005274519324302673
0.005259496159851551
0.005246782675385475
0.005234654061496258
0.005227397195994854
0.005225813016295433
0.005204108078032732
0.005205403082072735
0.0051744719967246056
0.005178759340196848
0.005166744347661734
0.00516234477981925
0.005148682743310928
0.00514431856572628
0.005129177123308182
0.005121517460793257
0.0051158699207007885
0.005102916620671749
0.005096420645713806
0.005079094786196947
0.005065981764346361
0.005068229045718908
0.0050527192652225494
0.005033361259847879
0.005025610327720642
0.005006247200071812
0.00500562135130167
0.004977523349225521
0.004961783066391945
0.0049487510696053505
0.0049424925819039345
0.004939427133649588
0.004922003485262394
0.00490472512319684
0.004901542793959379
0.004884788300842047
0.004883689805865288
0.004866273142397404
0.00485936040058732
0.004852255340665579
0.004845275077968836
0.00482987193390727
0.004824974108487368
0.004810352344065905
0.004798152018338442
0.004795599263161421
0.004785235971212387
0.004776014946401119
0.004768420942127705
0.0047662463039159775
0.004759031813591719
0.004752609878778458
0.004747376777231693
0.004745269659906626
0.004738675430417061
0.0047373101115226746
0.004734647460281849
0.00473796995356679
0.004724592436105013
0.004725798033177853
0.004721997305750847
0.004720848053693771
0.004712328780442476
0.004702752456068993
0.004706371575593948
0.0046991449780762196
0.004697780590504408
0.004691499751061201
0.004691288340836763
0.004693453200161457
0.004691140726208687
0.004685237538069487
0.004681340418756008
0.004679850768297911
0.0046744514256715775
0.004672256298363209
0.0046675908379256725
0.0046721091493964195
0.004661668092012405
0.0046544745564460754
0.004648518282920122
0.004642742685973644
0.004633537959307432
0.004629419185221195
0.004619193729013205
0.00461158761754632
0.004606703761965036
0.0046094791032373905
0.004606380593031645
0.004597101826220751
0.0045937723480165005
0.004594266414642334
0.0045933169312775135
0.004592614248394966
0.004586830269545317
0.004586006514728069
0.004586423747241497
0.004583457019180059
0.004577246028929949
0.00457916921004653
0.0045783668756484985
0.004571711644530296
0.004573994781821966
0.004565979819744825
0.004566086456179619
0.0045645833015441895
0.004563657566905022
0.004564143251627684
0.004559988155961037
0.0045559401623904705
0.00455170264467597
0.004546325653791428
0.004548424854874611
0.004550918936729431
0.004540862515568733
0.0045347996056079865
0.004528761841356754
0.004527536686509848
0.004514210857450962
0.004517659079283476
0.004508802201598883
0.00450289249420166
0.004498359747231007
0.00449031125754118
0.004482686519622803
0.004478743299841881
0.004470862448215485
0.00446591479703784
0.00446387380361557
0.0044580502435564995
0.004451061133295298
0.0044485596008598804
0.004443827550858259
0.004434785805642605
0.004433856345713139
0.004425875376909971
0.004419559612870216
0.004407925996929407
0.004402790684252977
0.00440893555060029
0.0044021871872246265
0.004397135693579912
0.0043924348428845406
0.004383808933198452
0.004384830594062805
0.004382342100143433
0.004382019396871328
0.004368464462459087
0.004367909859865904
0.004366519395262003
0.004364194348454475
0.004363088868558407
0.004362017847597599
0.004359744489192963
0.004354528617113829
0.00435265339910984
0.004344784654676914
0.00434453459456563
0.004347570706158876
0.004344230983406305
0.004341169260442257
0.004332017619162798
0.004326638765633106
0.004325515124946833
0.004329275339841843
0.004331051371991634
0.004319534637033939
0.004316522739827633
0.004310070537030697
0.004307141527533531
0.0043091862462460995
0.004306151997298002
0.00430661765858531
0.004302466753870249
0.004301006905734539
0.00429738312959671
0.004292163997888565
0.004286523442715406
0.004288442432880402
0.004287841729819775
0.004287159536033869
0.004285316448658705
0.004278645850718021
0.004274954088032246
0.004281359724700451
0.004272450692951679
0.004273108206689358
0.00426661828532815
0.004268936347216368
0.00426173210144043
0.004263375885784626
0.00426515145227313
0.004261143505573273
0.004260890651494265
0.004261252004653215
0.004257341846823692
0.004256978631019592
0.004250259604305029
0.004255467560142279
0.004254017025232315
0.004246864002197981
0.00424996530637145
0.00424719275906682
0.0042437301017344
0.004239641595631838
0.004232554230839014
0.004233820829540491
0.00423536729067564
0.004232304636389017
0.00423209136351943
0.004228469915688038
0.004217618610709906
0.004218393936753273
0.004217467736452818
0.004212878178805113
0.00421462208032608
0.004210124723613262
0.004210005048662424
0.004205909091979265
0.004200878087431192
0.004201526753604412
0.004192208871245384
0.004196592140942812
0.004197086673229933
0.004189937841147184
0.004187767393887043
0.004185151308774948
0.0041806017979979515
0.004175371956080198
0.004171377047896385
0.004168379120528698
0.004165459889918566
0.00416794465854764
0.004165565595030785
0.004158759955316782
0.004156097304075956
0.004152721259742975
0.004152507986873388
0.004145974293351173
0.004142157733440399
0.004136571194976568
0.004137036856263876
0.004134318791329861
0.004127823282033205
0.004122575744986534
0.004126204643398523
0.0041214469820261
0.004117918666452169
0.004114541225135326
0.004111102782189846
0.004109759349375963
0.004107884131371975
0.004105664789676666
0.004103921819478273
0.004099932964891195
0.00410126568749547
0.004096815828233957
0.004090629983693361
0.004081311635673046
0.004084097221493721
0.004081073682755232
0.004076696466654539
0.004069935064762831
0.004072668496519327
0.004064948298037052
0.004064476117491722
0.0040625352412462234
0.004056738689541817
0.0040525635704398155
0.004046251531690359
0.004046984016895294
0.004042834043502808
0.004038625862449408
0.004032003693282604
0.004029563628137112
0.004026398528367281
0.0040207491256296635
0.004018353298306465
0.004013072699308395
0.004009641241282225
0.004003719426691532
0.0040057990700006485
0.003999222069978714
0.0039951615035533905
0.003995121922343969
0.003989438526332378
0.003985191695392132
0.003984047565609217
0.00397637439891696
0.003973240964114666
0.003971955273300409
0.003967226017266512
0.00396321015432477
0.003964291885495186
0.0039585912600159645
0.003955561202019453
0.003951945807784796
0.0039511327631771564
0.0039448984898626804
0.003943955060094595
0.0039390260353684425
0.003936341498047113
0.00393539248034358
0.003928780555725098
0.003926231991499662
0.003925821278244257
0.003922310657799244
0.003918247763067484
0.003914644476026297
0.00391132989898324
0.003909805789589882
0.003907148726284504
0.003903389675542712
0.003898371709510684
0.0038980122189968824
0.0038936641067266464
0.003887439612299204
0.003886040300130844
0.003884760430082679
0.003882112680003047
0.0038790723774582148
0.0038755948189646006
0.003872182220220566
0.0038704758044332266
0.0038663255982100964
0.003864036640152335
0.0038622503634542227
0.0038606631569564342
0.0038554430939257145
0.0038516572676599026
0.003852511988952756
0.0038463780656456947
0.0038448688574135303
0.0038407864049077034
0.0038398068863898516
0.003835501382127404
0.0038326168432831764
0.003829485271126032
0.003826091531664133
0.003824578830972314
0.003821664024144411
0.003818076802417636
0.0038157340604811907
0.00381416454911232
0.00380731001496315
0.0038077058270573616
0.003802904160693288
0.003800857812166214
0.0037978743202984333
0.003798414021730423
0.003795535769313574
0.0037917112931609154
0.0037867489736527205
0.003784951986745
0.0037811591755598783
0.0037780767306685448
0.003777545876801014
0.0037743232678622007
0.00376871763728559
0.0037664812989532948
0.0037627792917191982
0.0037619462236762047
0.003760815830901265
0.0037578968331217766
0.0037540504708886147
0.003750781761482358
0.0037456967402249575
0.00374513678252697
0.0037437959108501673
0.003741166088730097
0.003739852225407958
0.0037345662713050842
0.0037326074671000242
0.003730063559487462
0.0037295224610716105
0.0037258726079016924
0.0037245829589664936
0.003719303058460355
0.0037163023371249437
0.0037155719473958015
0.003715880447998643
0.0037128946278244257
0.0037125644739717245
0.0037066671065986156
0.0037057430017739534
0.0037006805650889874
0.0037013792898505926
0.0036999029107391834
0.00369576015509665
0.003693558042868972
0.003693726845085621
0.0036902520805597305
0.0036875063087791204
0.0036857593804597855
0.0036821244284510612
0.003680306253954768
0.0036793602630496025
0.003678767243400216
0.003676339751109481
0.0036739110946655273
0.003672851249575615
0.0036716328468173742
0.003671493846923113
0.0036670772824436426
0.003663876559585333
0.0036633124109357595
0.003661224152892828
0.0036575321573764086
0.003657687222585082
0.0036580467130988836
0.003652712097391486
0.003651820356026292
0.0036496303509920835
0.00364723545499146
0.0036453783977776766
0.0036419446114450693
0.0036421227268874645
0.0036375289782881737
0.0036359906662255526
0.003636483568698168
0.003634330816566944
0.0036292774602770805
0.0036291289143264294
0.0036273892037570477
0.0036256182938814163
0.0036241973284631968
0.0036233386490494013
0.003622303484007716
0.003620184026658535
0.003615520428866148
0.003615007735788822
0.0036128750070929527
0.0036114573013037443
0.0036130899097770452
0.003610932268202305
0.0036070565693080425
0.0036071559879928827
0.003604345954954624
0.003603501245379448
0.0036009636241942644
0.003601331729441881
0.003599798772484064
0.0035954706836491823
0.003595449961721897
0.0035947365686297417
0.003593413159251213
0.0035917391069233418
0.0035898967180401087
0.003588567953556776
0.0035888957791030407
0.003585264552384615
0.0035845693200826645
0.0035827963147312403
0.0035800314508378506
0.0035793494898825884
0.0035783129278570414
0.00357446214184165
0.0035765317734330893
0.003573195543140173
0.0035724870394915342
0.0035704593174159527
0.003570093074813485
0.0035670758225023746
0.0035665363539010286
0.0035634315572679043
0.0035630862694233656
0.003560712793841958
0.003560736309736967
0.0035598441027104855
0.0035565602593123913
0.0035545758437365294
0.0035521697718650103
0.003552256152033806
0.003551358822733164
0.0035487115383148193
0.003546882886439562
0.0035459392238408327
0.003543277969583869
0.003542172722518444
0.003542243503034115
0.003538787364959717
0.0035358727909624577
0.003534971736371517
0.00353485275991261
0.003532185684889555
0.003529139095917344
0.0035318369045853615
0.003527362598106265
0.00352460821159184
0.00352253345772624
0.0035211537033319473
0.003518065670505166
0.0035188449546694756
0.003516516648232937
0.0035152174532413483
0.003510791342705488
0.00351082906126976
0.003509069327265024
0.0035080094821751118
0.0035037954803556204
0.0035053689498454332
0.003503687446936965
0.003499150276184082
0.003495242679491639
0.003495308104902506
0.003493285272270441
0.003491125302389264
0.0034886666107922792
0.0034878687001764774
0.003486212808638811
0.0034846116323024035
0.003481617197394371
0.0034803624730557203
0.0034781473223119974
0.003475682809948921
0.0034731251653283834
0.0034739922266453505
0.0034706532023847103
0.0034691677428781986
0.003467620350420475
0.0034657109063118696
0.003463536035269499
0.0034621525555849075
0.0034591613803058863
0.0034582249354571104
0.003455128287896514
0.0034529382828623056
0.0034534509759396315
0.0034515117295086384
0.0034500465262681246
0.0034475354477763176
0.0034459554590284824
0.0034445866476744413
0.0034414709080010653
0.0034417591523379087
0.0034387814812362194
0.003436080180108547
0.0034358154516667128
0.0034343062434345484
0.0034328303299844265
0.0034307693131268024
0.003429653588682413
0.0034287471789866686
0.0034264156129211187
0.0034240775275975466
0.003422462847083807
0.00341996131464839
0.0034196237102150917
0.0034181266091763973
0.0034175848122686148
0.0034149368293583393
0.0034129656851291656
0.0034111139830201864
0.00341014307923615
0.0034088208340108395
0.003407421289011836
0.0034076962620019913
0.003406764240935445
0.0034040806349366903
0.003403551410883665
0.0034002247266471386
0.0034006175119429827
0.00339803216047585
0.0033972212113440037
0.0033976626582443714
0.003396988846361637
0.00339573179371655
0.003393781604245305
0.003392946906387806
0.003393698949366808
0.0033924563322216272
0.0033850129693746567
0.003383476287126541
0.0033745840191841125
0.003363942727446556
0.003355453722178936
0.0033499666023999453
0.003347744233906269
0.0033426806330680847
0.003338131122291088
0.003334559965878725
0.0033317196648567915
0.003330240026116371
0.0033271615393459797
0.0033258330076932907
0.0033251638524234295
0.0033248416148126125
0.0033207430969923735
0.003317915601655841
0.0033186180517077446
0.003317166119813919
0.0033152771648019552
0.0033122270833700895
0.0033101693261414766
0.003306627506390214
0.003307900158688426
0.003306289901956916
0.0033047122415155172
0.0033021450508385897
0.003298967145383358
0.0033005443401634693
0.0032966637518256903
0.0032956141512840986
0.0032919945660978556
0.003290732391178608
0.0032900713849812746
0.0032862008083611727
0.0032852080184966326
0.003281524870544672
0.0032825882080942392
0.003278437303379178
0.003278941148892045
0.0032745427452027798
0.0032750668469816446
0.0032703056931495667
0.0032713492400944233
0.0032697797287255526
0.0032674013637006283
0.0032699585426598787
0.0032660281285643578
0.0032640909776091576
0.003263358259573579
0.0032595349475741386
0.0032588273752480745
0.0032565121073275805
0.003253706032410264
0.0032512228935956955
0.0032507877331227064
0.0032501360401511192
0.003247242420911789
0.0032434079330414534
0.003243348328396678
0.003241723868995905
0.0032392300199717283
0.00323706166818738
0.003233744762837887
0.0032328052911907434
0.0032320856116712093
0.0032291330862790346
0.0032263544853776693
0.003225850872695446
0.003222974482923746
0.003221648745238781
0.003221872728317976
0.0032204128801822662
0.0032187069300562143
0.003214794211089611
0.0032137215603142977
0.0032111546024680138
0.003209352493286133
0.0032088395673781633
0.0032069794833660126
0.003204133827239275
0.00320462160743773
0.0032009403221309185
0.0031976206228137016
0.0031947249080985785
0.003192392410710454
0.0031929200049489737
0.0031897120643407106
0.003186367219313979
0.0031876293942332268
0.00318509666249156
0.0031836864072829485
0.0031796209514141083
0.003178160171955824
0.003175141988322139
0.003175252117216587
0.0031700031831860542
0.003169402712956071
0.0031675556674599648
0.0031659724190831184
0.0031648483127355576
0.0031599504873156548
0.0031566701363772154
0.0031547716353088617
0.0031555776949971914
0.003150085685774684
0.0031464656349271536
0.0031474896240979433
0.0031432060059159994
0.0031397519633173943
0.0031368385534733534
0.003136721905320883
0.0031327554024755955
0.003131994279101491
0.003127552568912506
0.003126911586150527
0.0031252799089998007
0.0031203003600239754
0.0031202584505081177
0.003116489853709936
0.0031162267550826073
0.0031150265131145716
0.0031115924939513206
0.0031096749007701874
0.003107337048277259
0.003106785472482443
0.003102079266682267
0.003102359129115939
0.003099641064181924
0.0030987407080829144
0.003096240106970072
0.003096000524237752
0.003094472223892808
0.003089841455221176
0.00309180049225688
0.0030886800959706306
0.0030874270014464855
0.0030845177825540304
0.003083121730014682
0.0030826316215097904
0.003080578986555338
0.0030788567382842302
0.0030768169090151787
0.0030754245817661285
0.0030740206129848957
0.003073910716921091
0.0030729209538549185
0.0030699747148901224
0.0030696906615048647
0.0030702766962349415
0.003066298086196184
0.0030650037806481123
0.00306240888312459
0.0030618379823863506
0.0030610004905611277
0.0030586086213588715
0.0030558747239410877
0.003057457972317934
0.003055665409192443
0.0030525545589625835
0.0030523291788995266
0.0030522504821419716
0.0030499426648020744
0.0030492355581372976
0.0030462120193988085
0.0030439638067036867
0.003044012002646923
0.0030437002424150705
0.003042226657271385
0.003041274147108197
0.003039079951122403
0.0030388671439141035
0.0030358419753611088
0.0030362263787537813
0.003035495290532708
0.0030349644366651773
0.003032511565834284
0.0030327318236231804
0.0030308798886835575
0.003030050778761506
0.003027982311323285
0.003027668921276927
0.0030260076746344566
0.0030250761192291975
0.0030234490986913443
0.0030210716649889946
0.0030186616349965334
0.003019250463694334
0.0030177643056958914
0.003017045557498932
0.003015217836946249
0.003013206645846367
0.0030125349294394255
0.003010086715221405
0.0030094683170318604
0.0030078536365181208
0.0030058473348617554
0.0030047192703932524
0.0030019741971045732
0.0029989308677613735
0.0029953191988170147
0.0029947797302156687
0.0029905803967267275
0.0029901552479714155
0.0029894355684518814
0.002984889317303896
0.002983169863000512
0.002983013167977333
0.002981050405651331
0.0029789565596729517
0.0029778776224702597
0.0029761996120214462
0.0029746824875473976
0.0029746824875473976
