0.1168534904718399
0.07200375199317932
0.09267650544643402
0.04754508286714554
0.05823040381073952
0.04439268261194229
0.04047013446688652
0.04350820183753967
0.03946922346949577
0.03919219970703125
0.04029424488544464
0.056625403463840485
0.033846788108348846
0.04121915251016617
0.037457045167684555
0.039473406970500946
0.03467787057161331
0.03509410470724106
0.02722526714205742
0.03086952306330204
0.02945037931203842
0.03237723931670189
0.032290246337652206
0.03380104899406433
0.028468796983361244
0.028046654537320137
0.027558663859963417
0.026585953310132027
0.034345198422670364
0.026947584003210068
0.028371956199407578
0.025594402104616165
0.026040591299533844
0.030752046033740044
0.028202306479215622
0.027858680114150047
0.02587462030351162
0.029403269290924072
0.027909597381949425
0.026404405012726784
0.019661856815218925
0.024696169421076775
0.023123499006032944
0.021851427853107452
0.0242279265075922
0.0262405164539814
0.02429017424583435
0.025064336135983467
0.020341917872428894
0.026196880266070366
0.022778505459427834
0.019420398399233818
0.017970958724617958
0.017568910494446754
0.01749367080628872
0.017371730878949165
0.017354901880025864
0.01743135042488575
0.017429692670702934
0.017483454197645187
0.017747683450579643
0.01856171526014805
0.01991581916809082
0.020916685461997986
0.020702220499515533
0.019274871796369553
0.01948869600892067
0.01776939071714878
0.01757659763097763
0.017829319462180138
0.01844562031328678
0.01793951354920864
0.018966197967529297
0.018519017845392227
0.017522219568490982
0.016903258860111237
0.016288677230477333
0.015809813514351845
0.015132113359868526
0.014728669077157974
0.014310888946056366
0.014277193695306778
0.014164978638291359
0.014256809838116169
0.014052348211407661
0.013934148475527763
0.013982133939862251
0.0139355743303895
0.013521515764296055
0.013277132995426655
0.013099437579512596
0.012897954322397709
0.012788556516170502
0.0126748476177454
0.012943924404680729
0.012881145812571049
0.012817143462598324
0.012845678254961967
0.012591379694640636
0.012575671076774597
0.012740524485707283
0.012667307630181313
0.012816106900572777
0.012796700932085514
0.012680228799581528
0.012470528483390808
0.012298242188990116
0.012371969409286976
0.012078030966222286
0.011747224256396294
0.011761816218495369
0.0115317702293396
0.01164797693490982
0.01144680380821228
0.011345426551997662
0.01129728090018034
0.011230457574129105
0.011194592341780663
0.01118242647498846
0.011151435784995556
0.011172501370310783
0.011088150553405285
0.011030152440071106
0.010974711738526821
0.010928228497505188
0.010971038602292538
0.010865523479878902
0.010837119072675705
0.010811038315296173
0.010789959691464901
0.010760854929685593
0.010810489766299725
0.010899409651756287
0.010763483121991158
0.010778361931443214
0.010741922073066235
0.01054813340306282
0.01063158456236124
0.010513168759644032
0.01056602131575346
0.010572275146842003
0.010413067415356636
0.010588121600449085
0.01069291215389967
0.010739323683083057
0.010821109637618065
0.011021903716027737
0.011122731491923332
0.011238428764045238
0.011350241489708424
0.011373596265912056
0.011400595307350159
0.011293833144009113
0.011482172645628452
0.011339344084262848
0.011328749358654022
0.011182104237377644
0.011287967674434185
0.011062529869377613
0.011066124774515629
0.011005033738911152
0.01114328857511282
0.01107719261199236
0.010928196832537651
0.010930268093943596
0.01088777743279934
0.01099038403481245
0.010760161094367504
0.01082858256995678
0.010754404589533806
0.01066393032670021
0.010726901702582836
0.010738144628703594
0.01069081574678421
0.01061855349689722
0.010648741386830807
0.010709631256759167
0.010611765086650848
0.010608075186610222
0.010784357786178589
0.010669466108083725
0.010792654007673264
0.010706095024943352
0.010771449655294418
0.01078738272190094
0.01088211964815855
0.010870018973946571
0.010791456326842308
0.010768572799861431
0.010777820833027363
0.010872067883610725
0.010754592716693878
0.010834034532308578
0.010868747718632221
0.01091032661497593
0.010967760346829891
0.01091136783361435
0.010945149697363377
0.010918756015598774
0.010909621603786945
0.010994543321430683
0.011056404560804367
0.010993960313498974
0.01104692555963993
0.011085867881774902
0.011106865480542183
0.011158264242112637
0.011071392334997654
0.011132209561765194
0.011203666217625141
0.011244501918554306
0.01124086044728756
0.011273117735981941
0.011288875713944435
0.011246815323829651
0.011259901337325573
0.011352423578500748
0.011340992525219917
0.011363382451236248
0.01139478012919426
0.011334042996168137
0.011321982368826866
0.011331773363053799
0.01134183444082737
0.011296354234218597
0.011332162655889988
0.011312110349535942
0.011234805919229984
0.011235917918384075
0.011283254250884056
0.011259469203650951
0.011233225464820862
0.011176403611898422
0.011145456694066525
0.011196503415703773
0.011209427379071712
0.011245614849030972
0.0111262621358037
0.011195730417966843
0.011080732569098473
0.011076279915869236
0.011080513708293438
0.011125252582132816
0.011196832172572613
0.011167842894792557
0.011178402230143547
0.011189800687134266
0.011144422926008701
0.011189376935362816
0.011160748079419136
0.01114567555487156
0.011197475716471672
0.011169093661010265
0.01112522091716528
0.011102735064923763
0.011032995767891407
0.011055712588131428
0.011062989011406898
0.011011739261448383
0.010943373665213585
0.010810602456331253
0.010804015211760998
0.010798095725476742
0.010809624567627907
0.010698516853153706
0.010486708022654057
0.010379818268120289
0.010356982238590717
0.010314826853573322
0.010254589840769768
0.010194017551839352
0.010197529569268227
0.010176818817853928
0.010130238719284534
0.010129899717867374
0.010019782930612564
0.009913352318108082
0.00995304062962532
0.009894966147840023
0.009645318612456322
0.009714110754430294
0.009682157076895237
0.00956630241125822
0.009523182176053524
0.009447405114769936
0.009473604150116444
0.009476831182837486
0.009453948587179184
0.009392383508384228
0.009316080249845982
0.009312163107097149
0.009279048070311546
0.00922253355383873
0.00920450035482645
0.00916961021721363
0.009133598767220974
0.009101424366235733
0.009062500670552254
0.009030119515955448
0.00900521595031023
0.008987730368971825
0.008950704708695412
0.00891384482383728
0.00889117643237114
0.008878353051841259
0.008835045620799065
0.008815924637019634
0.008816692978143692
0.008763539604842663
0.00873885490000248
0.008685567416250706
0.008690722286701202
0.008658524602651596
0.00866500474512577
0.008625473827123642
0.008629885502159595
0.008594589307904243
0.008533674292266369
0.008537165820598602
0.00854370929300785
0.00847900565713644
0.008488455787301064
0.008528070524334908
0.008533097803592682
0.008509940467774868
0.008506588637828827
0.008489333093166351
0.00849744863808155
0.0085051404312253
0.008483613841235638
0.008475655689835548
0.008431128226220608
0.008446495980024338
0.008447887375950813
0.008410840295255184
0.008395331911742687
0.00837565679103136
0.008406171575188637
0.008398078382015228
0.008362511172890663
0.008363050408661366
0.0083945132791996
0.008365502581000328
0.008362303487956524
0.008373335935175419
0.008333539590239525
0.008315788581967354
0.00833207555115223
0.008309178054332733
0.008325815200805664
0.00827229768037796
0.008274219930171967
0.008279002271592617
0.008229593746364117
0.008191007189452648
0.008155248127877712
0.008150954730808735
0.008138853125274181
0.00815395638346672
0.008146779611706734
0.008126846514642239
0.008085127919912338
0.008055814541876316
0.008042181842029095
0.00802396610379219
0.00800710916519165
0.007996154949069023
0.007980701513588428
0.007971707731485367
0.00796132255345583
0.007949616760015488
0.007939133793115616
0.007942721247673035
0.007938738912343979
0.007906137965619564
0.007893456146121025
0.007884788326919079
0.007879048585891724
0.00786696095019579
0.007859851233661175
0.007846536114811897
0.00786022748798132
0.007864956744015217
0.00784401223063469
0.007852980867028236
0.007847149856388569
0.007868198677897453
0.007850561290979385
0.007866227999329567
0.007845326326787472
0.007847815752029419
0.007841367274522781
0.007857339456677437
0.007860677316784859
0.007857460528612137
0.00783341284841299
0.007853726856410503
0.007910532876849174
0.007856211625039577
0.00787658616900444
0.007866814732551575
0.007894226349890232
0.007890288718044758
0.00790142361074686
0.007905866950750351
0.007908384315669537
0.007919401861727238
0.00790979340672493
0.007902158424258232
0.007904106751084328
0.007918036542832851
0.007935811765491962
0.007940166629850864
0.00793420523405075
0.007925198413431644
0.007915059104561806
0.00793993566185236
0.00795168336480856
0.007961600087583065
0.007972494699060917
0.0079428656026721
0.00797752384096384
0.007967464625835419
0.007953537628054619
0.007976414635777473
0.007996564731001854
0.007994251325726509
0.007993410341441631
0.007985022850334644
0.008002030663192272
0.007995118387043476
0.008010338060557842
0.007989241741597652
0.007998300716280937
0.008004306815564632
0.008010761812329292
0.007982350885868073
0.007971436716616154
0.008007269352674484
0.008015374653041363
0.007995937950909138
0.00798438023775816
0.00800119899213314
0.008008124306797981
0.007972994819283485
0.007991786114871502
0.007998364977538586
0.007974639534950256
0.007973939180374146
0.007970775477588177
0.007964866235852242
0.007952915504574776
0.007946077734231949
0.007928494364023209
0.007923736236989498
0.007932456210255623
0.007901540026068687
0.007906170561909676
0.007881219498813152
0.00788081530481577
0.007866384461522102
0.007868119515478611
0.007847432978451252
0.007812893949449062
0.00783149991184473
0.007803560234606266
0.007753517013043165
0.00775380851700902
0.0076910448260605335
0.007656699977815151
0.007657401263713837
0.007610178552567959
0.0075551290065050125
0.007527734152972698
0.007511005271226168
0.007512155920267105
0.007398839574307203
0.007347719743847847
0.007291765417903662
0.007285056635737419
0.007219718769192696
0.007139792665839195
0.007073568645864725
0.007004402577877045
0.006998084951192141
0.00697676558047533
0.006856586318463087
0.006862274836748838
0.006824120879173279
0.006800387520343065
0.0066590639762580395
0.0066536590456962585
0.006579268723726273
0.006611594930291176
0.006515128072351217
0.006433364935219288
0.006354326382279396
0.006354895886033773
0.006311729550361633
0.0062576765194535255
0.006220495793968439
0.006216173991560936
0.006211867555975914
0.006201921962201595
0.0062339468859136105
0.006221812684088945
0.006264082621783018
0.00631781155243516
0.0063345059752464294
0.006407121196389198
0.006492020096629858
0.006551154423505068
0.0066174534149467945
0.0067743598483502865
0.006830221973359585
0.006956163793802261
0.007085565943270922
0.006994246039539576
0.007077336311340332
0.007203607354313135
0.0073571521788835526
0.0073499735444784164
0.007376729976385832
0.007472001016139984
0.007505824323743582
0.007474825717508793
0.007527526933699846
0.007532782386988401
0.007524861954152584
0.0075334832072257996
0.00751242320984602
0.007493119686841965
0.007489341776818037
0.007464430294930935
0.007422132417559624
0.007386262994259596
0.007374956272542477
0.007349083665758371
0.007282488979399204
0.007284566294401884
0.00728134298697114
0.007267701905220747
0.007249816320836544
0.007208665367215872
0.007188757415860891
0.007216552272439003
0.007150185760110617
0.00714240362867713
0.007122592534869909
0.007093681022524834
0.007068578619509935
0.00704873027279973
0.007051833905279636
0.007035007234662771
0.007016304414719343
0.00698870001360774
0.0069892434403300285
0.00698135606944561
0.006951120216399431
0.006943177431821823
0.006934500299394131
0.006902093533426523
0.006897622719407082
0.006900927517563105
0.006890436168760061
0.006867548916488886
0.006859244778752327
0.006862493231892586
0.006860676221549511
0.00685235857963562
0.006861713714897633
0.006859657354652882
0.006848061457276344
0.006842602975666523
0.006843192037194967
0.0068496703170239925
0.006843016482889652
0.00685923034325242
0.006849141791462898
0.0068700253032147884
0.006857765838503838
0.006871325429528952
0.006881787441670895
0.006878618150949478
0.006899215281009674
0.00689568929374218
0.0069075231440365314
0.006896207109093666
0.006903511006385088
0.006899791769683361
0.006916057784110308
0.0069110640324652195
0.0069194212555885315
0.0069108521565794945
0.006929332856088877
0.0069215730763971806
0.006938367150723934
0.006949405651539564
0.006958512123674154
0.006959826685488224
0.006956611294299364
0.0069686477072536945
0.006971604190766811
0.006964582484215498
0.006962787825614214
0.00695623317733407
0.0069735306315124035
0.006951946299523115
0.00695066386833787
0.006939193699508905
0.006920115556567907
0.006926832254976034
0.006915159523487091
0.006907748524099588
0.006918409839272499
0.006910800002515316
0.006909757852554321
0.006909133866429329
0.006909840274602175
0.006911168806254864
0.00689319521188736
0.0069006625562906265
0.006900840904563665
0.006899205036461353
0.006905784830451012
0.006897840183228254
0.006898414343595505
0.006903036497533321
0.0068908678367733955
0.0068923416547477245
0.006886929739266634
0.006897770334035158
0.006892994046211243
0.00688091991469264
0.0068746996112167835
0.0068696048110723495
0.006879443768411875
0.006869614124298096
0.0068611931055784225
0.0068623777478933334
0.006870080716907978
0.006862964481115341
0.006864165887236595
0.006863450165838003
0.0068509685806930065
0.006859595887362957
0.00685112364590168
0.006841420661658049
0.006835394073277712
0.006840875837951899
0.006832852493971586
0.006834463682025671
0.006816765293478966
0.006825372111052275
0.006820077076554298
0.0068116337060928345
0.006801789626479149
0.006784377619624138
0.006783135700970888
0.00678035244345665
0.006768037565052509
0.006746730767190456
0.006731158122420311
0.006713578477501869
0.006716520991176367
0.0066843838430941105
0.00668100593611598
0.00666757533326745
0.006669271271675825
0.006650011520832777
0.006631855852901936
0.006619461812078953
0.006611999124288559
0.006601293571293354
0.00659762741997838
0.0065850368700921535
0.006571587640792131
0.006553762126713991
0.006552550476044416
0.006554705556482077
0.0065466053783893585
0.006535182241350412
0.006536014378070831
0.006536712870001793
0.006529814098030329
0.0065259202383458614
0.00651369197294116
0.006513543892651796
0.006518919952213764
0.006509754806756973
0.006501598283648491
0.0064980266615748405
0.006497821304947138
0.006502022035419941
0.006505902390927076
0.006493700668215752
0.006494130007922649
0.006489635910838842
0.00649273069575429
0.006495155859738588
0.0064893728122115135
0.006481481250375509
0.006486190482974052
0.006482649594545364
0.006491778884083033
0.006485896650701761
0.006481306627392769
0.006476609501987696
0.006472595501691103
0.006477103102952242
0.006477790419012308
0.006471813190728426
0.006474452093243599
0.0064746239222586155
0.006470822263509035
0.006468845997005701
0.006466895341873169
0.006462106015533209
0.0064544654451310635
0.006453472189605236
0.006449975073337555
0.006442716810852289
0.006436763796955347
0.006444375030696392
0.006435239687561989
0.006434807553887367
0.006433552131056786
0.006423682440072298
0.006423726212233305
0.006421072408556938
0.006415553390979767
0.006410850211977959
0.006410313304513693
0.006403481587767601
0.006393019109964371
0.006393963471055031
0.006384886801242828
0.006380456034094095
0.006375725846737623
0.006364491302520037
0.006369846872985363
0.006358138285577297
0.006356489844620228
0.006353880278766155
0.006340452469885349
0.006336587946861982
0.006334342993795872
0.0063309259712696075
0.006322893779724836
0.006310580298304558
0.006308502051979303
0.006303038448095322
0.006296622566878796
0.0062876916490495205
0.00627656327560544
0.006272872909903526
0.00626547634601593
0.0062530855648219585
0.006249607540667057
0.0062500047497451305
0.006237302906811237
0.006231989711523056
0.006231891456991434
0.006213498767465353
0.006204068660736084
0.006208866834640503
0.0062028090469539165
0.006181173492223024
0.0061821662820875645
0.006179456133395433
0.00616463553160429
0.006159040145576
0.006159056909382343
0.006149740424007177
0.006138480734080076
0.0061340536922216415
0.006126367021352053
0.006120971404016018
0.0061142765916883945
0.00610564136877656
0.006099504418671131
0.006088582798838615
0.006087745074182749
0.006075716111809015
0.006072556599974632
0.006059474777430296
0.006054656580090523
0.006048994138836861
0.00603900570422411
0.006034930236637592
0.006029051728546619
0.006026825401932001
0.006019714754074812
0.006010245531797409
0.005999848246574402
0.0059954216703772545
0.005988833028823137
0.005986763164401054
0.005978998728096485
0.005978748202323914
0.005967531353235245
0.005961116403341293
0.005953353364020586
0.0059502446092665195
0.0059463270008563995
0.005941851995885372
0.005933880340307951
0.005928576458245516
0.005921703297644854
0.005911949090659618
0.005910937674343586
0.005900686606764793
0.005901247728615999
0.005890269298106432
0.005890596192330122
0.005884225480258465
0.005877991206943989
0.005869251675903797
0.005862942896783352
0.005860103294253349
0.005855632480233908
0.0058502391912043095
0.005837392061948776
0.005835897754877806
0.005827875342220068
0.0058225784450769424
0.005820350255817175
0.005818297620862722
0.005807491019368172
0.005801724269986153
0.005799307022243738
0.005792729090899229
0.005789097398519516
0.00578807620331645
0.005775861907750368
0.005774639546871185
0.005770736373960972
0.00576383201405406
0.005759415216743946
0.005750887095928192
0.005752796307206154
0.00574533874168992
0.005747309885919094
0.005737344268709421
0.005732301622629166
0.005727963522076607
0.005724551156163216
0.005719022825360298
0.00571850873529911
0.005711381323635578
0.005711546167731285
0.005709588993340731
0.005697662942111492
0.005693510640412569
0.005693643353879452
0.0056933253072202206
0.005685948766767979
0.005683043505996466
0.005682783201336861
0.005678903311491013
0.005674371961504221
0.005669373087584972
0.005665963981300592
0.005665199365466833
0.005660914815962315
0.0056532262824475765
0.005654661916196346
0.0056535047478973866
0.005645727273076773
0.0056401751935482025
0.005639236886054277
0.005637479014694691
0.0056289988569915295
0.005629280116409063
0.005624138750135899
0.005623254459351301
0.0056221019476652145
0.005616008769720793
0.005613765679299831
0.005608824547380209
0.005605243146419525
0.005603563506156206
0.005597572308033705
0.005594647955149412
0.0055914511904120445
0.005593202076852322
0.005588518921285868
0.0055858981795609
0.005580331198871136
0.005577352363616228
0.005575160961598158
0.005571962799876928
0.00556536577641964
0.005564315244555473
0.005560324992984533
0.0055550276301801205
0.005556614138185978
0.0055539170280098915
0.005549178458750248
0.005546164698898792
0.0055443053133785725
0.005541318561881781
0.005537416785955429
0.005535542033612728
0.0055315857753157616
0.005528218112885952
0.005526657681912184
0.005521762650460005
0.005520263686776161
0.005515872500836849
0.005511859431862831
0.005507253110408783
0.0055079106241464615
0.005503462161868811
0.005497746169567108
0.005499175749719143
0.005497450940310955
0.005493891891092062
0.005485554225742817
0.005486870184540749
0.005483116954565048
0.005479336716234684
0.005477808881551027
0.005474178120493889
0.005469127092510462
0.005468341521918774
0.005467351526021957
0.0054636383429169655
0.0054600234143435955
0.005459255073219538
0.005453056190162897
0.005448070354759693
0.0054458496160805225
0.005442765541374683
0.005442628171294928
0.0054374258033931255
0.005435641389340162
0.005435026250779629
0.005429091863334179
0.00542715098708868
0.005423777271062136
0.005419949069619179
0.005414534825831652
0.005416025873273611
0.005412892904132605
0.005408243276178837
0.005405197385698557
0.005401761271059513
0.005401727743446827
0.0053986599668860435
0.005395239684730768
0.005393649451434612
0.005387600976973772
0.00538419745862484
0.005383729934692383
0.005378713831305504
0.005377552937716246
0.005372923798859119
0.005371375009417534
0.0053718481212854385
0.00536667974665761
0.005363348871469498
0.005364991258829832
0.005361927207559347
0.005359109491109848
0.005352194886654615
0.00534468051046133
0.005347915925085545
0.005345782730728388
0.005342518910765648
0.005340443924069405
0.005340529605746269
0.005334052722901106
0.00533252814784646
0.005330349784344435
0.005326298996806145
0.005322834476828575
0.005322856362909079
0.0053170048631727695
0.00531674874946475
0.005313405301421881
0.0053137801587581635
0.005312866065651178
0.005309952422976494
0.005308131687343121
0.00530278729274869
0.005300127901136875
0.005299192853271961
0.00529592065140605
0.005293827038258314
0.00529103446751833
0.005290046334266663
0.0052889310754835606
0.0052840253338217735
0.005282168742269278
0.005282774101942778
0.0052765426225960255
0.005273654591292143
0.00527196703478694
0.005269774701446295
0.005269774701446295
