0.05318329855799675
0.03716055303812027
0.027010858058929443
0.02678791992366314
0.025792360305786133
0.021378787234425545
0.025648290291428566
0.02311134897172451
0.022888049483299255
0.018991300836205482
0.019651418551802635
0.019344070926308632
0.016596080735325813
0.019734004512429237
0.018018141388893127
0.020812874659895897
0.020137200132012367
0.021132152527570724
0.01987518183887005
0.01746855117380619
0.018177224323153496
0.016921937465667725
0.015246275812387466
0.014998563565313816
0.014140491373836994
0.013066394254565239
0.012962491251528263
0.012777745723724365
0.012401251122355461
0.012180518358945847
0.011705059558153152
0.01224906649440527
0.011828623712062836
0.011671562679111958
0.011516154743731022
0.011549876071512699
0.011512047611176968
0.01103342603892088
0.011119292117655277
0.01103003229945898
0.010994830168783665
0.010635762475430965
0.01052925456315279
0.010511912405490875
0.01023855060338974
0.010171621106564999
0.010053868405520916
0.009943574666976929
0.010028766468167305
0.010178228840231895
0.00986616313457489
0.009755130857229233
0.009613895788788795
0.00952537264674902
0.009457233361899853
0.00949657242745161
0.009275794960558414
0.009364749304950237
0.009291387163102627
0.009298892691731453
0.009260650724172592
0.00912579894065857
0.009049913845956326
0.009196092374622822
0.009023619815707207
0.009152506478130817
0.009090723469853401
0.009131533093750477
0.009061889722943306
0.008922901004552841
0.008914308622479439
0.008913800120353699
0.008864118717610836
0.008748695254325867
0.008731531910598278
0.00865871924906969
0.008538387715816498
0.008647242560982704
0.008607801049947739
0.008614079095423222
0.00879543274641037
0.008860122412443161
0.00885450467467308
0.008870415389537811
0.008816374465823174
0.008608820848166943
0.008520335890352726
0.00850991066545248
0.008454241789877415
0.008381962776184082
0.008414176292717457
0.008303448557853699
0.008229260332882404
0.00824734941124916
0.008223140612244606
0.008007367141544819
0.008034566417336464
0.007964158430695534
0.007958379574120045
0.007922051474452019
0.007855753414332867
0.007848565466701984
0.007857945747673512
0.0078003378584980965
0.007792436517775059
0.007739902939647436
0.007703524082899094
0.007662627380341291
0.007618048693984747
0.007599273696541786
0.007508354727178812
0.0075127361342310905
0.0075006685219705105
0.007466329727321863
0.007461876608431339
0.007421942427754402
0.0075008925050497055
0.007384643889963627
0.0073413182981312275
0.0073379529640078545
0.0073541076853871346
0.007222400046885014
0.0072975605726242065
0.007238046731799841
0.007150484248995781
0.007170291617512703
0.007171887904405594
0.007137723732739687
0.007067389320582151
0.0069893659092485905
0.006967054679989815
0.006956145167350769
0.006902133114635944
0.006853033322840929
0.006801122333854437
0.006742832716554403
0.006670648232102394
0.00659384997561574
0.006565711926668882
0.006530722137540579
0.006495235953480005
0.0064564854837954044
0.006415854673832655
0.006352175958454609
0.006300095468759537
0.0062697879038751125
0.006199846044182777
0.006155835464596748
0.006114267278462648
0.006101526319980621
0.006038902793079615
0.006006235722452402
0.005999562796205282
0.005965677555650473
0.0059212576597929
0.005903638433665037
0.0058736721985042095
0.005851502064615488
0.005829192232340574
0.005820451769977808
0.005786166992038488
0.00579249719157815
0.005768647417426109
0.005759146064519882
0.005727289244532585
0.0057061645202338696
0.005698426626622677
0.005680619273334742
0.005692737642675638
0.005690054036676884
0.005675206426531076
0.005657739005982876
0.005655137822031975
0.005648696795105934
0.005650636740028858
0.005635559558868408
0.005650464445352554
0.005621717311441898
0.005615063011646271
0.005610944237560034
0.0055968076921999454
0.005585446022450924
0.005587404128164053
0.0055739437229931355
0.005546853877604008
0.005549448076635599
0.005533294286578894
0.005534722935408354
0.0055125076323747635
0.005497117526829243
0.005505044478923082
0.005490847397595644
0.0054878429509699345
0.005472165532410145
0.0054724873043596745
0.0054695867002010345
0.005450592841953039
0.005420946050435305
0.005423488095402718
0.005444908048957586
0.005430419463664293
0.005409270990639925
0.005405861418694258
0.00539812259376049
0.005360790062695742
0.005367921199649572
0.005338681861758232
0.005369259975850582
0.005362980999052525
0.005339262541383505
0.005332838743925095
0.005351976957172155
0.005324727389961481
0.005318690091371536
0.005285735707730055
0.005274519324302673
0.005259496159851551
0.005246782675385475
0.005234654061496258
0.005227397195994854
0.005225813016295433
0.005204108078032732
0.005205403082072735
0.0051744719967246056
0.005178759340196848
0.005166744347661734
0.00516234477981925
0.005148682743310928
0.00514431856572628
0.005129177123308182
0.005121517460793257
0.0051158699207007885
0.005102916620671749
0.005096420645713806
0.005079094786196947
0.005065981764346361
0.005068229045718908
0.0050527192652225494
0.005033361259847879
0.005025610327720642
0.005006247200071812
0.00500562135130167
0.004977523349225521
0.004961783066391945
0.0049487510696053505
0.0049424925819039345
0.004939427133649588
0.004922003485262394
0.00490472512319684
0.004901542793959379
0.004884788300842047
0.004883689805865288
0.004866273142397404
0.00485936040058732
0.004852255340665579
0.004845275077968836
0.00482987193390727
0.004824974108487368
0.004810352344065905
0.004798152018338442
0.004795599263161421
0.004785235971212387
0.004776014946401119
0.004768420942127705
0.0047662463039159775
0.004759031813591719
0.004752609878778458
0.004747376777231693
0.004745269659906626
0.004738675430417061
0.0047373101115226746
0.004734647460281849
0.00473796995356679
0.004724592436105013
0.004725798033177853
0.004721997305750847
0.004720848053693771
0.004712328780442476
0.004702752456068993
0.004706371575593948
0.0046991449780762196
0.004697780590504408
0.004691499751061201
0.004691288340836763
0.004693453200161457
0.004691140726208687
0.004685237538069487
0.004681340418756008
0.004679850768297911
0.0046744514256715775
0.004672256298363209
0.0046675908379256725
0.0046721091493964195
0.004661668092012405
0.0046544745564460754
0.004648518282920122
0.004642742685973644
0.004633537959307432
0.004629419185221195
0.004619193729013205
0.00461158761754632
0.004606703761965036
0.0046094791032373905
0.004606380593031645
0.004597101826220751
0.0045937723480165005
0.004594266414642334
0.0045933169312775135
0.004592614248394966
0.004586830269545317
0.004586006514728069
0.004586423747241497
0.004583457019180059
0.004577246028929949
0.00457916921004653
0.0045783668756484985
0.004571711644530296
0.004573994781821966
0.004565979819744825
0.004566086456179619
0.0045645833015441895
0.004563657566905022
0.004564143251627684
0.004559988155961037
0.0045559401623904705
0.00455170264467597
0.004546325653791428
0.004548424854874611
0.004550918936729431
0.004540862515568733
0.0045347996056079865
0.004528761841356754
0.004527536686509848
0.004514210857450962
0.004517659079283476
0.004508802201598883
0.00450289249420166
0.004498359747231007
0.00449031125754118
0.004482686519622803
0.004478743299841881
0.004470862448215485
0.00446591479703784
0.00446387380361557
0.0044580502435564995
0.004451061133295298
0.0044485596008598804
0.004443827550858259
0.004434785805642605
0.004433856345713139
0.004425875376909971
0.004419559612870216
0.004407925996929407
0.004402790684252977
0.00440893555060029
0.0044021871872246265
0.004397135693579912
0.0043924348428845406
0.004383808933198452
0.004384830594062805
0.004382342100143433
0.004382019396871328
0.004368464462459087
0.004367909859865904
0.004366519395262003
0.004364194348454475
0.004363088868558407
0.004362017847597599
0.004359744489192963
0.004354528617113829
0.00435265339910984
0.004344784654676914
0.00434453459456563
0.004347570706158876
0.004344230983406305
0.004341169260442257
0.004332017619162798
0.004326638765633106
0.004325515124946833
0.004329275339841843
0.004331051371991634
0.004319534637033939
0.004316522739827633
0.004310070537030697
0.004307141527533531
0.0043091862462460995
0.004306151997298002
0.00430661765858531
0.004302466753870249
0.004301006905734539
0.00429738312959671
0.004292163997888565
0.004286523442715406
0.004288442432880402
0.004287841729819775
0.004287159536033869
0.004285316448658705
0.004278645850718021
0.004274954088032246
0.004281359724700451
0.004272450692951679
0.004273108206689358
0.00426661828532815
0.004268936347216368
0.00426173210144043
0.004263375885784626
0.00426515145227313
0.004261143505573273
0.004260890651494265
0.004261252004653215
0.004257341846823692
0.004256978631019592
0.004250259604305029
0.004255467560142279
0.004254017025232315
0.004246864002197981
0.00424996530637145
0.00424719275906682
0.0042437301017344
0.004239641595631838
0.004232554230839014
0.004233820829540491
0.00423536729067564
0.004232304636389017
0.00423209136351943
0.004228469915688038
0.004217618610709906
0.004218393936753273
0.004217467736452818
0.004212878178805113
0.00421462208032608
0.004210124723613262
0.004210005048662424
0.004205909091979265
0.004200878087431192
0.004201526753604412
0.004192208871245384
0.004196592140942812
0.004197086673229933
0.004189937841147184
0.004187767393887043
0.004185151308774948
0.0041806017979979515
0.004175371956080198
0.004171377047896385
0.004168379120528698
0.004165459889918566
0.00416794465854764
0.004165565595030785
0.004158759955316782
0.004156097304075956
0.004152721259742975
0.004152507986873388
0.004145974293351173
0.004142157733440399
0.004136571194976568
0.004137036856263876
0.004134318791329861
0.004127823282033205
0.004122575744986534
0.004126204643398523
0.0041214469820261
0.004117918666452169
0.004114541225135326
0.004111102782189846
0.004109759349375963
0.004107884131371975
0.004105664789676666
0.004103921819478273
0.004099932964891195
0.00410126568749547
0.004096815828233957
0.004090629983693361
0.004081311635673046
0.004084097221493721
0.004081073682755232
0.004076696466654539
0.004069935064762831
0.004072668496519327
0.004064948298037052
0.004064476117491722
0.0040625352412462234
0.004056738689541817
0.0040525635704398155
0.004046251531690359
0.004046984016895294
0.004042834043502808
0.004038625862449408
0.004032003693282604
0.004029563628137112
0.004026398528367281
0.0040207491256296635
0.004018353298306465
0.004013072699308395
0.004009641241282225
0.004003719426691532
0.0040057990700006485
0.003999222069978714
0.0039951615035533905
0.003995121922343969
0.003989438526332378
0.003985191695392132
0.003984047565609217
0.00397637439891696
0.003973240964114666
0.003971955273300409
0.003967226017266512
0.00396321015432477
0.003964291885495186
0.0039585912600159645
0.003955561202019453
0.003951945807784796
0.0039511327631771564
0.0039448984898626804
0.003943955060094595
0.0039390260353684425
0.003936341498047113
0.00393539248034358
0.003928780555725098
0.003926231991499662
0.003925821278244257
0.003922310657799244
0.003918247763067484
0.003914644476026297
0.00391132989898324
0.003909805789589882
0.003907148726284504
0.003903389675542712
0.003898371709510684
0.0038980122189968824
0.0038936641067266464
0.003887439612299204
0.003886040300130844
0.003884760430082679
0.003882112680003047
0.0038790723774582148
0.0038755948189646006
0.003872182220220566
0.0038704758044332266
0.0038663255982100964
0.003864036640152335
0.0038622503634542227
0.0038606631569564342
0.0038554430939257145
0.0038516572676599026
0.003852511988952756
0.0038463780656456947
0.0038448688574135303
0.0038407864049077034
0.0038398068863898516
0.003835501382127404
0.0038326168432831764
0.003829485271126032
0.003826091531664133
0.003824578830972314
0.003821664024144411
0.003818076802417636
0.0038157340604811907
0.00381416454911232
0.00380731001496315
0.0038077058270573616
0.003802904160693288
0.003800857812166214
0.0037978743202984333
0.003798414021730423
0.003795535769313574
0.0037917112931609154
0.0037867489736527205
0.003784951986745
0.0037811591755598783
0.0037780767306685448
0.003777545876801014
0.0037743232678622007
0.00376871763728559
0.0037664812989532948
0.0037627792917191982
0.0037619462236762047
0.003760815830901265
0.0037578968331217766
0.0037540504708886147
0.003750781761482358
0.0037456967402249575
0.00374513678252697
0.0037437959108501673
0.003741166088730097
0.003739852225407958
0.0037345662713050842
0.0037326074671000242
0.003730063559487462
0.0037295224610716105
0.0037258726079016924
0.0037245829589664936
0.003719303058460355
0.0037163023371249437
0.0037155719473958015
0.003715880447998643
0.0037128946278244257
0.0037125644739717245
0.0037066671065986156
0.0037057430017739534
0.0037006805650889874
0.0037013792898505926
0.0036999029107391834
0.00369576015509665
0.003693558042868972
0.003693726845085621
0.0036902520805597305
0.0036875063087791204
0.0036857593804597855
0.0036821244284510612
0.003680306253954768
0.0036793602630496025
0.003678767243400216
0.003676339751109481
0.0036739110946655273
0.003672851249575615
0.0036716328468173742
0.003671493846923113
0.0036670772824436426
0.003663876559585333
0.0036633124109357595
0.003661224152892828
0.0036575321573764086
0.003657687222585082
0.0036580467130988836
0.003652712097391486
0.003651820356026292
0.0036496303509920835
0.00364723545499146
0.0036453783977776766
0.0036419446114450693
0.0036421227268874645
0.0036375289782881737
0.0036359906662255526
0.003636483568698168
0.003634330816566944
0.0036292774602770805
0.0036291289143264294
0.0036273892037570477
0.0036256182938814163
0.0036241973284631968
0.0036233386490494013
0.003622303484007716
0.003620184026658535
0.003615520428866148
0.003615007735788822
0.0036128750070929527
0.0036114573013037443
0.0036130899097770452
0.003610932268202305
0.0036070565693080425
0.0036071559879928827
0.003604345954954624
0.003603501245379448
0.0036009636241942644
0.003601331729441881
0.003599798772484064
0.0035954706836491823
0.003595449961721897
0.0035947365686297417
0.003593413159251213
0.0035917391069233418
0.0035898967180401087
0.003588567953556776
0.0035888957791030407
0.003585264552384615
0.0035845693200826645
0.0035827963147312403
0.0035800314508378506
0.0035793494898825884
0.0035783129278570414
0.00357446214184165
0.0035765317734330893
0.003573195543140173
0.0035724870394915342
0.0035704593174159527
0.003570093074813485
0.0035670758225023746
0.0035665363539010286
0.0035634315572679043
0.0035630862694233656
0.003560712793841958
0.003560736309736967
0.0035598441027104855
0.0035565602593123913
0.0035545758437365294
0.0035521697718650103
0.003552256152033806
0.003551358822733164
0.0035487115383148193
0.003546882886439562
0.0035459392238408327
0.003543277969583869
0.003542172722518444
0.003542243503034115
0.003538787364959717
0.0035358727909624577
0.003534971736371517
0.00353485275991261
0.003532185684889555
0.003529139095917344
0.0035318369045853615
0.003527362598106265
0.00352460821159184
0.00352253345772624
0.0035211537033319473
0.003518065670505166
0.0035188449546694756
0.003516516648232937
0.0035152174532413483
0.003510791342705488
0.00351082906126976
0.003509069327265024
0.0035080094821751118
0.0035037954803556204
0.0035053689498454332
0.003503687446936965
0.003499150276184082
0.003495242679491639
0.003495308104902506
0.003493285272270441
0.003491125302389264
0.0034886666107922792
0.0034878687001764774
0.003486212808638811
0.0034846116323024035
0.003481617197394371
0.0034803624730557203
0.0034781473223119974
0.003475682809948921
0.0034731251653283834
0.0034739922266453505
0.0034706532023847103
0.0034691677428781986
0.003467620350420475
0.0034657109063118696
0.003463536035269499
0.0034621525555849075
0.0034591613803058863
0.0034582249354571104
0.003455128287896514
0.0034529382828623056
0.0034534509759396315
0.0034515117295086384
0.0034500465262681246
0.0034475354477763176
0.0034459554590284824
0.0034445866476744413
0.0034414709080010653
0.0034417591523379087
0.0034387814812362194
0.003436080180108547
0.0034358154516667128
0.0034343062434345484
0.0034328303299844265
0.0034307693131268024
0.003429653588682413
0.0034287471789866686
0.0034264156129211187
0.0034240775275975466
0.003422462847083807
0.00341996131464839
0.0034196237102150917
0.0034181266091763973
0.0034175848122686148
0.0034149368293583393
0.0034129656851291656
0.0034111139830201864
0.00341014307923615
0.0034088208340108395
0.003407421289011836
0.0034076962620019913
0.003406764240935445
0.0034040806349366903
0.003403551410883665
0.0034002247266471386
0.0034006175119429827
0.00339803216047585
0.0033972212113440037
0.0033976626582443714
0.003396988846361637
0.00339573179371655
0.003393781604245305
0.003392946906387806
0.003393698949366808
0.0033924563322216272
0.0033850129693746567
0.003383476287126541
0.0033745840191841125
0.003363942727446556
0.003355453722178936
0.0033499666023999453
0.003347744233906269
0.0033426806330680847
0.003338131122291088
0.003334559965878725
0.0033317196648567915
0.003330240026116371
0.0033271615393459797
0.0033258330076932907
0.0033251638524234295
0.0033248416148126125
0.0033207430969923735
0.003317915601655841
0.0033186180517077446
0.003317166119813919
0.0033152771648019552
0.0033122270833700895
0.0033101693261414766
0.003306627506390214
0.003307900158688426
0.003306289901956916
0.0033047122415155172
0.0033021450508385897
0.003298967145383358
0.0033005443401634693
0.0032966637518256903
0.0032956141512840986
0.0032919945660978556
0.003290732391178608
0.0032900713849812746
0.0032862008083611727
0.0032852080184966326
0.003281524870544672
0.0032825882080942392
0.003278437303379178
0.003278941148892045
0.0032745427452027798
0.0032750668469816446
0.0032703056931495667
0.0032713492400944233
0.0032697797287255526
0.0032674013637006283
0.0032699585426598787
0.0032660281285643578
0.0032640909776091576
0.003263358259573579
0.0032595349475741386
0.0032588273752480745
0.0032565121073275805
0.003253706032410264
0.0032512228935956955
0.0032507877331227064
0.0032501360401511192
0.003247242420911789
0.0032434079330414534
0.003243348328396678
0.003241723868995905
0.0032392300199717283
0.00323706166818738
0.003233744762837887
0.0032328052911907434
0.0032320856116712093
0.0032291330862790346
0.0032263544853776693
0.003225850872695446
0.003222974482923746
0.003221648745238781
0.003221872728317976
0.0032204128801822662
0.0032187069300562143
0.003214794211089611
0.0032137215603142977
0.0032111546024680138
0.003209352493286133
0.0032088395673781633
0.0032069794833660126
0.003204133827239275
0.00320462160743773
0.0032009403221309185
0.0031976206228137016
0.0031947249080985785
0.003192392410710454
0.0031929200049489737
0.0031897120643407106
0.003186367219313979
0.0031876293942332268
0.00318509666249156
0.0031836864072829485
0.0031796209514141083
0.003178160171955824
0.003175141988322139
0.003175252117216587
0.0031700031831860542
0.003169402712956071
0.0031675556674599648
0.0031659724190831184
0.0031648483127355576
0.0031599504873156548
0.0031566701363772154
0.0031547716353088617
0.0031555776949971914
0.003150085685774684
0.0031464656349271536
0.0031474896240979433
0.0031432060059159994
0.0031397519633173943
0.0031368385534733534
0.003136721905320883
0.0031327554024755955
0.003131994279101491
0.003127552568912506
0.003126911586150527
0.0031252799089998007
0.0031203003600239754
0.0031202584505081177
0.003116489853709936
0.0031162267550826073
0.0031150265131145716
0.0031115924939513206
0.0031096749007701874
0.003107337048277259
0.003106785472482443
0.003102079266682267
0.003102359129115939
0.003099641064181924
0.0030987407080829144
0.003096240106970072
0.003096000524237752
0.003094472223892808
0.003089841455221176
0.00309180049225688
0.0030886800959706306
0.0030874270014464855
0.0030845177825540304
0.003083121730014682
0.0030826316215097904
0.003080578986555338
0.0030788567382842302
0.0030768169090151787
0.0030754245817661285
0.0030740206129848957
0.003073910716921091
0.0030729209538549185
0.0030699747148901224
0.0030696906615048647
0.0030702766962349415
0.003066298086196184
0.0030650037806481123
0.00306240888312459
0.0030618379823863506
0.0030610004905611277
0.0030586086213588715
0.0030558747239410877
0.003057457972317934
0.003055665409192443
0.0030525545589625835
0.0030523291788995266
0.0030522504821419716
0.0030499426648020744
0.0030492355581372976
0.0030462120193988085
0.0030439638067036867
0.003044012002646923
0.0030437002424150705
0.003042226657271385
0.003041274147108197
0.003039079951122403
0.0030388671439141035
0.0030358419753611088
0.0030362263787537813
0.003035495290532708
0.0030349644366651773
0.003032511565834284
0.0030327318236231804
0.0030308798886835575
0.003030050778761506
0.003027982311323285
0.003027668921276927
0.0030260076746344566
0.0030250761192291975
0.0030234490986913443
0.0030210716649889946
0.0030186616349965334
0.003019250463694334
0.0030177643056958914
0.003017045557498932
0.003015217836946249
0.003013206645846367
0.0030125349294394255
0.003010086715221405
0.0030094683170318604
0.0030078536365181208
0.0030058473348617554
0.0030047192703932524
0.0030019741971045732
0.0029989308677613735
0.0029953191988170147
0.0029947797302156687
0.0029905803967267275
0.0029901552479714155
0.0029894355684518814
0.002984889317303896
0.002983169863000512
0.002983013167977333
0.002981050405651331
0.0029789565596729517
0.0029778776224702597
0.0029761996120214462
0.0029746824875473976
0.0029746759682893753
0.0029721292667090893
0.002971075242385268
0.002970903180539608
0.002969393040984869
0.002967632608488202
0.0029687979258596897
0.0029650938231498003
0.0029670896474272013
0.002962798345834017
0.002964393002912402
0.0029632169753313065
0.0029628556221723557
0.0029617499094456434
0.0029617000836879015
0.0029602975118905306
0.002960306592285633
0.0029581021517515182
0.0029566402081400156
0.0029560422990471125
0.0029567712917923927
0.0029561524279415607
0.002954560797661543
0.00295240874402225
0.0029534732457250357
0.002952515846118331
0.002951390575617552
0.0029518045485019684
0.002950012683868408
0.0029506508726626635
0.002947768196463585
0.0029486240819096565
0.0029470252338796854
0.0029478776268661022
0.0029462147504091263
0.002945778425782919
0.00294505781494081
0.002945498563349247
0.0029419362545013428
0.0029443572275340557
0.0029412773437798023
0.002940946724265814
0.0029395779129117727
0.0029406484682112932
0.002939048456028104
0.0029388628900051117
0.0029385213274508715
0.0029372870922088623
0.0029367334209382534
0.0029361865017563105
0.002934988122433424
0.002936375793069601
0.002933415351435542
0.0029352731071412563
0.002934737130999565
0.0029336465522646904
0.0029318793676793575
0.002931351540610194
0.0029315620195120573
0.002931945724412799
0.0029304702766239643
0.0029309086967259645
0.0029302150942385197
0.0029279806185513735
0.002928361063823104
0.0029283000621944666
0.0029269440565258265
0.0029282947070896626
0.002927587367594242
0.0029272132087498903
0.0029260634910315275
0.0029255144763737917
0.0029251035302877426
0.002924092346802354
0.0029261321760714054
0.0029233889654278755
0.002923410153016448
0.0029251102823764086
0.0029231265652924776
0.00292189116589725
0.0029203451704233885
0.0029205703176558018
0.0029215982649475336
0.0029204068705439568
0.0029205784667283297
0.002918872982263565
0.0029191942885518074
0.002917780540883541
0.0029174096416682005
0.002917143516242504
0.002914951415732503
0.0029167046304792166
0.0029166480526328087
0.0029143309220671654
0.002913193078711629
0.0029130103066563606
0.002914122538641095
0.0029125274159014225
0.0029133730567991734
0.0029107178561389446
0.002909755101427436
0.0029117586091160774
0.002909156959503889
0.002910219132900238
0.002910136478021741
0.0029088326264172792
0.002907746471464634
0.0029059946537017822
0.0029076409991830587
0.0029071192257106304
0.0029084363486617804
0.0029040048830211163
0.0029068903531879187
0.0029049362055957317
0.0029047431889921427
0.0029048235155642033
0.0029040155932307243
0.002902314532548189
0.0029027836862951517
0.0029004255775362253
0.0029000770300626755
0.0029007084667682648
0.0029018425848335028
0.002899826504290104
0.0028990984428673983
0.002899216953665018
0.00289830076508224
0.002899033250287175
0.0028994830790907145
0.0028983920346945524
0.0028972174040973186
0.0028959668707102537
0.0028973747976124287
0.002895449288189411
0.002896695164963603
0.002895922865718603
0.0028946325182914734
0.0028960411436855793
0.002893745666369796
0.0028939112089574337
0.002894839970394969
0.002893000142648816
0.002891560783609748
0.0028924148064106703
0.0028925479855388403
0.002892398741096258
0.002891393844038248
0.002891286974772811
0.002890282543376088
0.002888728864490986
0.0028888408560305834
0.0028895079158246517
0.0028873030096292496
0.0028868098743259907
0.0028867728542536497
0.0028861835598945618
0.002887130482122302
0.002887079259380698
0.0028878271114081144
0.0028861111495643854
0.0028840319719165564
0.002884448738768697
0.0028830699156969786
0.0028845996130257845
0.0028833968099206686
0.002884151879698038
0.0028833416290581226
0.0028828391805291176
0.002881882945075631
0.0028817569836974144
0.0028803038876503706
0.002879998181015253
0.0028797946870326996
0.002879377221688628
0.0028793434612452984
0.00288082635961473
0.0028797138947993517
0.0028777369298040867
0.0028777169063687325
0.002877068007364869
0.002876558108255267
0.0028777949046343565
0.0028770817443728447
0.002875916427001357
0.002875535050407052
0.00287432037293911
0.002876142505556345
0.00287420186214149
0.0028741941787302494
0.0028729839250445366
0.0028738989494740963
0.0028730507474392653
0.0028720032423734665
0.0028722011484205723
0.0028716421220451593
0.0028721496928483248
0.0028706255834549665
0.0028706644661724567
0.002871730364859104
0.002869165036827326
0.0028711522463709116
0.0028677319642156363
0.0028681689873337746
0.00286746839992702
0.0028674225322902203
0.0028687561862170696
0.002867534989491105
0.0028663366101682186
0.002866338472813368
0.0028644970152527094
0.0028653598856180906
0.002865992719307542
0.0028667189180850983
0.002865161746740341
0.0028655976057052612
0.002862937282770872
0.0028613233007490635
0.0028624304104596376
0.0028621351812034845
0.0028622972313314676
0.0028611626476049423
0.0028599004726856947
0.0028606217820197344
0.0028586317785084248
0.0028601638041436672
0.002860060892999172
0.002859341911971569
0.0028589279390871525
0.0028573707677423954
0.0028570746071636677
0.002857276238501072
0.002857643412426114
0.0028556452598422766
0.00285747810266912
0.0028541586361825466
0.0028554745949804783
0.0028555430471897125
0.0028548939153552055
0.002854166552424431
0.0028534834273159504
0.002853317419067025
0.0028541882056742907
0.0028530030976980925
0.0028524249792099
0.002851297380402684
0.0028518184553831816
0.0028507420793175697
0.0028524042572826147
0.002850184915587306
0.0028494412545114756
0.002849835902452469
0.002849103417247534
0.0028489441610872746
0.002849037293344736
0.0028487250674515963
0.0028468207456171513
0.0028485103975981474
0.002847579773515463
0.002847888506948948
0.0028463343624025583
0.00284621212631464
0.0028459448367357254
0.0028454980347305536
0.0028448770754039288
0.002845098963007331
0.0028422283940017223
0.0028437075670808554
0.0028431620448827744
0.0028406637720763683
0.002839944325387478
0.002840402303263545
0.0028394805267453194
0.0028401340823620558
0.0028396309353411198
0.0028381324373185635
0.0028375505935400724
0.00283674243837595
0.002835948020219803
0.0028373172972351313
0.0028359463904052973
0.002835663501173258
0.002834983868524432
0.002834639512002468
0.002834765240550041
0.0028336821123957634
0.002831944962963462
0.0028340492863208055
0.0028323468286544085
0.002830936573445797
0.002832472790032625
0.0028313864022493362
0.0028314616065472364
0.0028300469275563955
0.0028295444790273905
0.00282859499566257
0.002830155659466982
0.0028290962800383568
0.0028279246762394905
0.002829692792147398
0.002827013609930873
0.002826729090884328
0.0028260417748242617
0.002827135846018791
0.002826163312420249
0.002825316973030567
0.0028236776124686003
0.0028234324418008327
0.0028238219674676657
0.0028231656178832054
0.0028225283604115248
0.0028227497823536396
0.0028217898216098547
0.002820204012095928
0.002820854540914297
0.002819704357534647
0.0028194189071655273
0.0028193043544888496
0.0028193651232868433
0.002817514119669795
0.0028171970043331385
0.0028161401860415936
0.0028163462411612272
0.0028151206206530333
0.002814444014802575
0.002814251696690917
0.0028144926764070988
0.0028127203695476055
0.0028135532047599554
0.0028122426010668278
0.0028119718190282583
0.0028119515627622604
0.002810218371450901
0.0028111711144447327
0.00280945491977036
0.0028092816937714815
0.00280889798887074
0.0028078260365873575
0.0028063850477337837
0.002806559205055237
0.0028066786471754313
0.002806380856782198
0.002806059317663312
0.0028046281076967716
0.002803057199344039
0.0028030104003846645
0.0028027917724102736
0.00280323950573802
0.0028013631235808134
0.002800285816192627
0.0028014713898301125
0.0027998576406389475
0.0027999316807836294
0.002797371009364724
0.0027975623961538076
0.0027975819539278746
0.002797539811581373
0.002795820590108633
0.0027954240795224905
0.0027944701723754406
0.002794044790789485
0.002793221967294812
0.002792916027829051
0.0027931646909564734
0.0027913753874599934
0.0027914810925722122
0.002790580503642559
0.002788843587040901
0.002788667567074299
0.002789377002045512
0.0027879751287400723
0.002788054756820202
0.002787118311971426
0.0027859839610755444
0.0027853914070874453
0.0027845473960042
0.002783640520647168
0.0027839026879519224
0.0027827320154756308
0.002782061230391264
0.002781588351354003
0.0027816235087811947
0.0027801753021776676
0.0027797874063253403
0.002779036993160844
0.00277850148268044
0.002778049558401108
0.0027771727181971073
0.002776634180918336
0.0027758937794715166
0.0027755661867558956
0.002774537540972233
0.0027744565159082413
0.002773209009319544
0.002772444859147072
0.0027717205230146646
0.002771739149466157
0.0027716835029423237
0.002770463703200221
0.002769984770566225
0.002769488375633955
0.002768444363027811
0.0027677526231855154
0.002766801742836833
0.002766454592347145
0.002765959594398737
0.0027656222227960825
0.002764622215181589
0.002764530712738633
0.002763583790510893
0.002762993797659874
0.002762454329058528
0.0027618638705462217
0.002761123003438115
0.002760718110948801
0.0027604387141764164
0.0027597367297858
0.0027585432399064302
0.002757835201919079
0.002757868031039834
0.00275662774220109
0.0027563925832509995
0.0027559171430766582
0.0027546556666493416
0.0027548624202609062
0.0027539546135812998
0.002753796987235546
0.0027532640378922224
0.0027513436507433653
0.002752394415438175
0.002750819083303213
0.0027511620428413153
0.0027504756581038237
0.002749802079051733
0.0027487080078572035
0.0027474272064864635
0.0027473578229546547
0.0027470062486827374
0.002746407175436616
0.00274649471975863
0.0027452739886939526
0.002744689118117094
0.002743565244600177
0.0027435445226728916
0.0027423598803579807
0.002741896314546466
0.002741663483902812
0.002741512143984437
0.002741764532402158
0.002740318886935711
0.0027397165540605783
0.0027398564852774143
0.0027384264394640923
0.0027380031533539295
0.002737258793786168
0.0027370552998036146
0.0027360564563423395
0.0027353072073310614
0.0027354592457413673
0.002734104171395302
0.002734522568061948
0.0027339139487594366
0.0027329602744430304
0.0027328527066856623
0.002731047570705414
0.00273107155226171
0.0027304550167173147
0.002730265259742737
0.002729492960497737
0.0027291837614029646
0.0027282063383609056
0.0027273560408502817
0.0027274254243820906
0.0027264016680419445
0.002725864527747035
0.00272564310580492
0.0027242680080235004
0.0027236377354711294
0.00272289477288723
0.002722755540162325
0.0027225131634622812
0.0027211399283260107
0.0027199748437851667
0.0027202016208320856
0.0027194591239094734
0.0027197140734642744
0.002719227457419038
0.002718022558838129
0.002717257710173726
0.0027172239497303963
0.002716788789257407
0.0027158514130860567
0.0027160164900124073
0.0027154514100402594
0.0027145431376993656
0.0027139433659613132
0.0027136867865920067
0.0027137126307934523
0.0027130614034831524
0.0027118248399347067
0.0027124483603984118
0.002711750101298094
0.00271115405485034
0.0027103153988718987
0.0027092820964753628
0.002709566382691264
0.002709069522097707
0.0027082213200628757
0.002708017360419035
0.0027078469283878803
0.0027071901131421328
0.002707096515223384
0.002705807564780116
0.002705586375668645
0.002705311868339777
0.0027040860150009394
0.0027045297902077436
0.0027033051010221243
0.0027029705233871937
0.0027029404882341623
0.0027023223228752613
0.0027016361709684134
0.0027006492018699646
0.0027006519958376884
0.002699899021536112
0.002699136035516858
0.0026988855097442865
0.0026984717696905136
0.002697351621463895
0.0026979316025972366
0.0026975958608090878
0.0026963376440107822
0.0026957292575389147
0.002695973962545395
0.0026952559128403664
0.0026949183084070683
0.0026942919939756393
0.0026938116643577814
0.0026931404136121273
0.002692494075745344
0.002691962057724595
0.002692231209948659
0.0026915762573480606
0.002690880326554179
0.0026906898710876703
0.0026901252567768097
0.0026892933528870344
0.002689473330974579
0.0026884477119892836
0.002688310109078884
0.002687776694074273
0.0026876055635511875
0.0026862812228500843
0.0026860381476581097
0.0026864572428166866
0.0026854397729039192
0.002684753155335784
0.002684492850676179
0.0026839717756956816
0.002682937541976571
0.002683436730876565
0.0026827717665582895
0.002681577578186989
0.0026821158826351166
0.0026818118058145046
0.002680752193555236
0.0026805216912180185
0.0026805305387824774
0.002679971279576421
0.0026790802367031574
0.0026785002555698156
0.002677978714928031
0.0026778390165418386
0.0026775270234793425
0.0026773647405207157
0.0026770217809826136
0.002676246454939246
0.0026752357371151447
0.0026757079176604748
0.0026750322431325912
0.0026739281602203846
0.0026740296743810177
0.00267365132458508
0.00267393933609128
0.0026733113918453455
0.0026723791379481554
0.0026721381582319736
0.002671453868970275
0.00267055444419384
0.0026708294171839952
0.002670024521648884
0.002670023124665022
0.002669857582077384
0.002669112291187048
0.002668638015165925
0.002668690634891391
0.002667712979018688
0.0026675346307456493
0.002667011460289359
0.002666451735422015
0.002666058484464884
0.002665802603587508
0.002665859181433916
0.002664706436917186
0.002664596075192094
0.00266429060138762
0.002664055908098817
0.0026636174879968166
0.0026633874513208866
0.002662783022969961
0.002662419807165861
0.0026621385477483273
0.002661660546436906
0.002661380684003234
0.002661009319126606
0.002660897560417652
0.0026601366698741913
0.0026598668191581964
0.002659474266692996
0.002658396027982235
0.0026585767045617104
0.002658247947692871
0.002657734788954258
0.0026574223302304745
0.002657033735886216
0.002656549448147416
0.0026562458369880915
0.0026564388535916805
0.002655175980180502
0.0026553673669695854
0.0026544705033302307
0.00265431753359735
0.0026541510596871376
0.002653717529028654
0.0026529061142355204
0.0026533452328294516
0.002652510302141309
0.002651708200573921
0.0026520153041929007
0.0026511652395129204
0.0026507454458624125
0.0026501547545194626
0.0026500066742300987
0.002649434842169285
0.0026496066711843014
0.0026492311153560877
0.0026487167924642563
0.0026485095731914043
0.002648203866556287
0.002647615037858486
0.0026472448371350765
0.0026473132893443108
0.002646506065502763
0.002645929576829076
0.0026459251530468464
0.0026459316723048687
0.002645067637786269
0.0026449908036738634
0.0026448634453117847
0.0026444753166288137
0.0026438261847943068
0.0026433079037815332
0.002643017563968897
0.0026433011516928673
0.0026425349060446024
0.002642399165779352
0.0026421374641358852
0.00264132022857666
0.0026417647022753954
0.002641265979036689
0.00264111440628767
0.0026404489763081074
0.0026403211522847414
0.002639634069055319
0.0026400804053992033
0.002639460377395153
0.00263922824524343
0.0026390666607767344
0.002638407750055194
0.0026383050717413425
0.002638282021507621
0.002637722296640277
0.0026376910973340273
0.002637589117512107
0.002637357683852315
0.002637076424434781
0.0026366342790424824
0.002636405872181058
0.00263637350872159
0.0026356109883636236
0.0026357455644756556
0.002635295270010829
0.0026351166889071465
0.002635290613397956
0.002634353470057249
0.0026347460225224495
0.0026345124933868647
0.002633926458656788
0.002634006319567561
0.0026334391441196203
0.0026334221474826336
0.002633441472426057
0.0026328498497605324
0.0026327527593821287
0.0026318759191781282
0.002632375806570053
0.0026321373879909515
0.002631967421621084
0.002631282666698098
0.0026317143347114325
0.002631735522300005
0.0026311345864087343
0.0026309972163289785
0.0026307268999516964
0.002630531322211027
0.002630546223372221
0.002630282426252961
0.0026296593714505434
0.0026295087300240993
0.002629844704642892
0.002630306873470545
0.002629115479066968
0.002629392547532916
0.0026285869535058737
0.0026289953384548426
0.0026284009218215942
0.002628840273246169
0.002627969952300191
0.002627932233735919
0.0026277999859303236
0.002627786947414279
0.0026269808877259493
0.002627370646223426
0.0026271564420312643
0.0026268907822668552
0.0026273552794009447
0.002626839093863964
0.0026259757578372955
0.0026264647021889687
0.0026264225598424673
0.0026263128966093063
0.0026263741310685873
0.002626060973852873
0.0026258144062012434
0.002625615568831563
0.0026252022944390774
0.0026251364033669233
0.002624659100547433
0.002625198569148779
0.002624743152409792
0.002624612534418702
0.0026251294184476137
0.0026242046151310205
0.0026242148596793413
0.002623697044327855
0.0026237559504806995
0.0026238311547785997
0.00262417527846992
0.002622984116896987
0.0026229675859212875
0.002623210661113262
0.0026231876108795404
0.0026230099610984325
0.002622559666633606
0.002622587140649557
0.002622653730213642
0.002622708911076188
0.0026222970336675644
0.0026221517473459244
0.0026218383572995663
0.0026217359118163586
0.00262168375775218
0.002621658844873309
0.0026213733945041895
0.0026210909709334373
0.0026210849173367023
0.0026211158838123083
0.002620524261146784
0.002620738698169589
0.0026208676863461733
0.0026198378764092922
0.00262019713409245
0.0026203696615993977
0.0026201331056654453
0.0026201652362942696
0.0026199547573924065
0.0026202620938420296
0.002620261162519455
0.002620397135615349
0.0026194597594439983
0.0026198832783848047
0.002618890954181552
0.0026194374077022076
0.002618761733174324
0.0026188278570771217
0.002619255566969514
0.0026185931637883186
0.002618990605697036
0.002618298167362809
0.0026180045679211617
0.0026179971173405647
0.0026182085275650024
0.002618348691612482
0.0026180397253483534
0.0026184471789747477
0.0026172539219260216
0.0026177200488746166
0.0026175181847065687
0.0026176481042057276
0.0026176481042057276
0.002616665093228221
0.0026170057244598866
0.002617115853354335
0.0026166108436882496
0.002617013407871127
0.0026168872136622667
0.002616465324535966
0.002616671146824956
0.002616011770442128
0.0026161540299654007
0.002615682315081358
0.0026154282968491316
0.0026153589133173227
0.0026152019854635
0.0026154329534620047
0.0026148948818445206
0.00261461129412055
0.0026144434232264757
0.0026145875453948975
0.002614236669614911
0.0026141118723899126
0.0026141293346881866
0.0026138904504477978
0.00261340057477355
0.002613562624901533
0.0026133758947253227
0.0026125505100935698
0.0026125642471015453
0.002612512558698654
0.0026122150011360645
0.0026118215173482895
0.0026121262926608324
0.002611751900985837
0.002611700678244233
0.0026116259396076202
0.0026116441003978252
0.0026113553903996944
0.002611116273328662
0.002611188916489482
0.0026110985781997442
0.002610699739307165
0.002610522322356701
0.002610634546726942
0.002610547002404928
0.0026103374548256397
0.0026098948437720537
0.0026099123060703278
0.0026098834350705147
0.0026095081120729446
0.00260961358435452
0.002609468996524811
0.0026092149782925844
0.0026091127656400204
0.002609183778986335
0.002608833136036992
0.0026085423305630684
0.0026086883153766394
0.0026078703813254833
0.0026080324314534664
0.002607827540487051
0.0026076938956975937
0.002606791676953435
0.0026076321955770254
0.0026072151958942413
0.0026072741020470858
0.002606901340186596
0.002607170259580016
0.002606605179607868
0.00260634021833539
0.002606118330731988
0.002606460591778159
0.0026058685034513474
0.0026059546507894993
0.0026054915506392717
0.0026054990012198687
0.0026053180918097496
0.002605290152132511
0.0026049641892313957
0.0026050617452710867
0.002605028683319688
0.002604857087135315
0.00260412716306746
0.002604670822620392
0.0026041052769869566
0.002604337874799967
0.0026043979451060295
0.0026038039941340685
0.002603714121505618
0.00260364287532866
0.002603471977636218
0.002603749046102166
0.0026033835019916296
0.0026034326292574406
0.002603265456855297
0.002603377215564251
0.0026030258741229773
0.002602779306471348
0.0026030377484858036
0.002603234490379691
0.0026024600956588984
0.002602488035336137
0.0026023166719824076
0.002602159045636654
0.0026020058430731297
0.0026026759296655655
0.0026022670790553093
0.002602412598207593
0.0026020221412181854
0.0026020410005003214
0.0026019769720733166
0.0026023248210549355
0.002601676620543003
0.0026022044476121664
0.002601902699097991
0.002601948333904147
0.002602055436000228
0.0026014840696007013
0.00260179559700191
0.0026019453071057796
0.0026013837195932865
0.0026017888449132442
0.0026013238821178675
0.002601975342258811
0.0026011825539171696
0.002601353684440255
0.002601312706246972
0.0026009746361523867
0.0026014833711087704
0.0026010535657405853
0.002601071260869503
0.002601084066554904
0.0026009243447333574
0.00260104495100677
0.0026012796442955732
0.0026011401787400246
0.0026008435525000095
0.0026009725406765938
0.002600753214210272
0.002601135056465864
0.0026007755659520626
0.0026013271417468786
0.00260121445171535
0.0026008677668869495
0.002601050538942218
0.0026012721937149763
0.002601144602522254
0.002600910374894738
0.002600975101813674
0.0026009962894022465
0.002600874053314328
0.0026007129345089197
0.0026010090950876474
0.0026006395928561687
0.0026008302811533213
0.0026009823195636272
0.002600638894364238
0.002600891049951315
0.0026011932641267776
0.0026013515889644623
0.002601000014692545
0.0026009525172412395
0.002601176965981722
0.002601133193820715
0.0026011825539171696
0.002601256128400564
0.0026013485621660948
0.002601386746391654
0.002601304091513157
0.002600895706564188
0.0026007581036537886
0.002601236803457141
0.0026008670683950186
0.0026009820867329836
0.0026009012944996357
0.002601081505417824
0.00260087288916111
0.0026011148001998663
0.0026011911686509848
0.0026010156143456697
0.0026010863948613405
0.0026011315640062094
0.002601256361231208
0.0026011154986917973
0.0026012100279331207
0.0026010440196841955
0.0026010610163211823
0.002601162763312459
0.00260077859275043
0.0026011434383690357
0.002601055894047022
0.002601283835247159
0.0026010286528617144
0.0026011380832642317
0.0026015769690275192
0.002600955544039607
0.00260092387907207
0.002601277083158493
0.0026008887216448784
0.0026014032773673534
0.0026010784786194563
0.002601267071440816
0.0026012277230620384
0.002601501066237688
0.002601530635729432
0.0026013313326984644
0.0026013199239969254
0.002601555548608303
0.0026012989692389965
0.002601267071440816
0.002601183019578457
0.002601092215627432
0.0026012123562395573
0.002601316664367914
0.0026012053713202477
0.002601505955681205
0.0026013420429080725
0.00260105705820024
0.0026010461151599884
0.0026012493763118982
0.0026012908201664686
0.002600985812023282
0.0026015054900199175
0.0026013744063675404
0.0026013136375695467
0.002601304790005088
0.002601515268906951
0.0026015364564955235
0.0026012170128524303
0.0026014854665845633
0.0026011010631918907
0.002601008862257004
0.0026008854620158672
0.002601143205538392
0.0026015182957053185
0.002601289888843894
0.00260116602294147
0.0026008840650320053
0.0026012191083282232
0.0026013643946498632
0.0026010803412646055
0.0026013122405856848
0.002601227257400751
0.002600715495646
0.0026016065385192633
0.002601618180051446
0.0026012544985860586
0.0026011953596025705
0.002601719694212079
0.0026010379660874605
0.002601098269224167
0.0026010237634181976
0.002601271029561758
0.0026007364504039288
0.0026014766190201044
0.0026015278417617083
0.002601189771667123
0.0026008470449596643
0.002601501066237688
0.002601131098344922
0.0026014766190201044
0.0026009457651525736
0.0026013613678514957
0.0026009271387010813
0.0026014691684395075
0.0026011213194578886
0.0026011941954493523
0.002600998617708683
0.002600777195766568
0.002601262181997299
0.002601101528853178
0.002601080806925893
0.0026012281887233257
0.0026008172426372766
0.002601049607619643
0.0026009748689830303
0.002600438892841339
0.0026007406413555145
0.0026011078152805567
0.0026005033869296312
0.002600786741822958
0.0026006167754530907
0.0026001816149801016
0.0026004775427281857
0.002600729698315263
0.002600638195872307
0.0026004707906395197
0.0026005576364696026
0.002600765321403742
0.0026005248073488474
0.0026007830165326595
0.002601095475256443
0.0026007213164120913
0.0026007124688476324
0.0026011948939412832
0.0026002333033829927
0.0026008193381130695
0.0026006046682596207
0.0026005671825259924
0.00260075181722641
0.002600311767309904
0.002600315259769559
0.0026006989646703005
0.0026009208522737026
0.002600771142169833
0.0026006565894931555
0.0026006982661783695
0.0026006128173321486
0.0026003196835517883
0.0026005590334534645
0.0026003012899309397
0.002600862178951502
0.0026008395943790674
0.0026003504171967506
0.002600652165710926
0.0026004950050264597
0.002601109677925706
0.0026007634587585926
0.0026004870887845755
0.002600490814074874
0.0026009089779108763
0.002600279403850436
0.002600626554340124
0.002600631909444928
0.0026005636900663376
0.0026008780114352703
0.002600738313049078
0.0026012109592556953
0.002600956941023469
0.002601034939289093
0.002600783947855234
0.0026011315640062094
0.002600886393338442
0.0026011040899902582
0.0026010784786194563
0.0026003485545516014
0.002600179985165596
0.002600910374894738
0.0026004582177847624
0.00260088755749166
0.0026009194552898407
0.002600785344839096
0.002600627951323986
0.002600817708298564
0.002600517123937607
0.0026007124688476324
0.0026006235275417566
0.002600389067083597
0.002601006766781211
0.0026013588067144156
0.0026006696280092
0.0026005785912275314
0.0026009685825556517
0.002600406762212515
0.002600970445200801
0.002600767184048891
0.0026004130486398935
0.0026008172426372766
0.0026003485545516014
0.0026005622930824757
0.0026013136375695467
0.002601076615974307
0.002601024229079485
0.0026010549627244473
0.0026009399443864822
0.002601139945909381
0.0026004931423813105
0.0026004782412201166
0.002600432839244604
0.0026009532157331705
0.002600125502794981
0.0026008314453065395
0.002600779291242361
0.0026009068824350834
0.0026005436666309834
0.0026008172426372766
0.0026006659027189016
0.0026008915156126022
0.002600099891424179
0.002600091742351651
0.002600291511043906
0.002600325969979167
0.002600490814074874
0.002600546460598707
0.0026011683512479067
0.002600631443783641
0.0026007748674601316
0.0026002705562859774
0.0026004016399383545
0.0026006277184933424
0.002600835170596838
0.002600229112431407
0.0026004165410995483
0.002600262640044093
0.002600547391921282
0.0026000691577792168
0.002600423526018858
0.002600180683657527
0.0026005154941231012
0.0026007883716374636
0.002600014442577958
0.002600256586447358
0.002600215608254075
0.002599830972030759
0.002599916886538267
0.0026002139784395695
0.002599934348836541
0.002599352737888694
0.0025992989540100098
0.002600092673674226
0.0025996663607656956
0.0025996575132012367
0.0026001776568591595
0.002599849132820964
0.0026000740472227335
0.0026000910438597202
0.002599769737571478
0.0025993355084210634
0.002599690342321992
0.002599084982648492
0.0025994200259447098
0.002599503379315138
0.00259978324174881
0.0025995303876698017
0.002599244937300682
0.002599076833575964
0.0025994405150413513
0.002598758554086089
0.002598976716399193
0.0025992090813815594
0.0025992176961153746
0.002599643776193261
0.002598657039925456
0.0025987105909734964
0.002598881721496582
0.0025981226935982704
0.0025989050045609474
0.0025988861452788115
0.0025990852154791355
0.002598727587610483
0.002598329447209835
0.0025982095394283533
0.0025986346881836653
0.002598187420517206
0.0025982048828154802
0.002597904298454523
0.002597429556772113
0.002597577404230833
0.002597781363874674
0.002598111517727375
0.002597547834739089
0.0025970235001295805
0.0025971399154514074
0.002597375074401498
0.002596642356365919
0.0025965101085603237
0.002596902661025524
0.0025969981215894222
0.002596641890704632
0.002596720354631543
0.002596707781776786
0.002595903119072318
0.0025963159278035164
0.0025953620206564665
0.0025958276819437742
0.0025956968311220407
0.0025956863537430763
0.002595860045403242
0.0025954514276236296
0.0025951764546334743
0.0025948896072804928
0.002594933845102787
0.002594119170680642
0.002593673998489976
0.0025938276667147875
0.0025933128781616688
0.0025934644509106874
0.002593608573079109
0.0025933317374438047
0.0025929922703653574
0.0025924155488610268
0.0025926949456334114
0.002592584816738963
0.0025921310298144817
0.002591699594631791
0.0025915601290762424
0.002591504482552409
0.002591324970126152
0.0025909480173140764
0.0025908295065164566
0.0025906083174049854
0.0025894404388964176
0.002589824143797159
0.002589612500742078
0.0025890341494232416
0.0025888436939567327
0.0025888027157634497
0.0025880075991153717
0.0025880567263811827
0.00258771819062531
0.002587612485513091
0.002587113529443741
0.0025865330826491117
0.0025871098041534424
0.0025860846508294344
0.002586214104667306
0.0025858059525489807
0.002585104899480939
0.002585651585832238
0.002585419686511159
0.0025849423836916685
0.002584598958492279
0.002584105124697089
0.00258375215344131
0.0025835405103862286
0.002582922112196684
0.0025824892800301313
0.0025826015044003725
0.0025826061610132456
0.0025820292066782713
0.0025821663439273834
0.002581455744802952
0.002580787055194378
0.002580540021881461
0.0025811311788856983
0.00258081266656518
0.0025805006735026836
0.0025800117291510105
0.0025795865803956985
0.0025796345435082912
0.0025796436239033937
0.00257908646017313
0.0025786454789340496
0.0025787653867155313
0.0025779863353818655
0.0025781281292438507
0.002577365841716528
0.0025774394161999226
0.0025783213786780834
0.00257757306098938
0.0025770762003958225
0.0025768480263650417
0.0025765467435121536
0.002576141618192196
0.002575705759227276
0.002575777005404234
0.002576014958322048
0.002575487596914172
0.002574932761490345
0.002575369318947196
0.0025751900393515825
0.0025747693143785
0.0025743383448570967
0.002574733691290021
0.002573979552835226
0.002573920413851738
0.002573677571490407
0.002573099685832858
0.0025736831594258547
0.0025736140087246895
0.0025730605702847242
0.0025728289037942886
0.0025726030580699444
0.0025723844300955534
0.0025725895538926125
0.002572140656411648
0.0025716451928019524
0.0025719867553561926
0.002571508754044771
0.0025717015378177166
0.0025711460039019585
0.0025710840709507465
0.0025715422816574574
0.0025713597424328327
0.002570921089500189
0.002570151351392269
0.002570720622316003
0.0025702733546495438
0.0025698577519506216
0.00256970408372581
0.0025698295794427395
0.0025690330658107996
0.002569284988567233
0.0025692624039947987
0.002568894298747182
0.002568645402789116
0.0025687299203127623
0.002569332020357251
0.00256815692409873
0.002567842835560441
0.0025675776414573193
0.0025680463295429945
0.0025681478437036276
0.0025678633246570826
0.0025675902143120766
0.0025677294470369816
0.002567409770563245
0.0025669632013887167
0.0025664740242064
0.0025670998729765415
0.0025670162867754698
0.002567057032138109
0.002566396025940776
0.002566747134551406
0.002565962728112936
0.002566399984061718
0.00256564118899405
0.0025657215155661106
0.0025654765777289867
0.002565926406532526
0.002565630478784442
0.002564947586506605
0.002564843976870179
0.0025650549214333296
0.002564254216849804
0.0025645382702350616
0.0025648504961282015
0.0025643117260187864
0.0025646064896136522
0.0025632900651544333
0.0025643273256719112
0.0025639738887548447
0.0025634276680648327
0.002563292859122157
0.0025633552577346563
0.0025629603769630194
0.002562516601756215
0.0025629843585193157
0.0025633450131863356
0.002562363399192691
0.002562515437602997
0.0025624260306358337
0.0025625075213611126
0.0025623429100960493
0.002562765497714281
0.002561714733019471
0.00256160250864923
0.002562497276812792
0.002562103560194373
0.0025610902812331915
0.0025611557066440582
0.0025608092546463013
0.0025607922580093145
0.002560877474024892
0.0025610211305320263
0.0025605871342122555
0.002560653258115053
0.002560510765761137
0.0025598942302167416
0.002559566404670477
0.0025599272921681404
0.002559094224125147
0.002559297950938344
0.002559059299528599
0.0025590553414076567
0.002558956854045391
0.0025592721067368984
0.002558446954935789
0.002558209700509906
0.0025577142369002104
0.002557797124609351
0.002557614352554083
0.0025576944462955
0.002557136816903949
0.0025575405452400446
0.002557931700721383
0.0025571768637746572
0.0025569081772118807
0.00255715218372643
0.002557148924097419
0.0025570241268724203
0.0025567065458744764
0.0025571100413799286
0.0025564460083842278
0.0025559684727340937
0.0025554574094712734
0.0025556404143571854
0.00255559291690588
0.002555334474891424
0.0025549016427248716
0.0025549675337970257
0.002555052051320672
0.002554520033299923
0.0025539714843034744
0.002554947277531028
0.002554464852437377
0.0025543069932609797
0.0025545251555740833
0.002553960308432579
0.0025537158362567425
0.00255324924364686
0.002553599188104272
0.0025540103670209646
0.002553562168031931
0.002553075784817338
0.0025533714797347784
0.002552310237661004
0.002552126068621874
0.0025518022011965513
0.0025523612275719643
0.002552083460614085
0.002551327459514141
0.0025515041779726744
0.0025512136053293943
0.0025514427106827497
0.0025510480627417564
0.002550740959122777
0.0025507586542516947
0.002550561912357807
0.0025497968308627605
0.0025500936899334192
0.0025501034688204527
0.002549874596297741
0.00254932907409966
0.0025498445611447096
0.0025497344322502613
0.0025490664411336184
0.0025487623643130064
0.0025488832034170628
0.002548279007896781
0.0025492238346487284
0.002548950258642435
0.0025481192860752344
0.002547834301367402
0.002547956770285964
0.002547753741964698
0.0025476785376667976
0.002547287615016103
0.002547363517805934
0.0025469704996794462
0.0025474841240793467
0.0025463392958045006
0.002546041738241911
0.002546554198488593
0.0025457367300987244
0.0025449765380471945
0.00254588364623487
0.002545886440202594
0.002545410767197609
0.0025446664076298475
0.002544631017372012
0.0025450154207646847
0.0025442580226808786
0.0025438896846026182
0.0025444896891713142
0.002544308779761195
0.0025434934068471193
0.0025439311284571886
0.002543786773458123
0.002543110866099596
0.002543150680139661
0.0025429408997297287
0.0025425481144338846
0.002542403293773532
0.002541979542002082
0.0025423355400562286
0.0025424768682569265
0.0025413017719984055
0.002541755558922887
0.002541304798796773
0.002541113877668977
0.0025410347152501345
0.00254049408249557
0.0025394344702363014
0.002540293615311384
0.0025405643973499537
0.0025394016411155462
0.0025393918622285128
0.002540126210078597
0.0025397080462425947
0.00253902655094862
0.002539073582738638
0.0025393227115273476
0.0025390498340129852
0.0025386407505720854
0.0025383736938238144
0.002538281725719571
0.002538081957027316
0.002537991153076291
0.0025376409757882357
0.0025373566895723343
0.0025367222260683775
0.002537027932703495
0.002536837011575699
0.0025366046465933323
0.002536181127652526
0.002535954350605607
0.0025357864797115326
0.0025355953257530928
0.002535618143156171
0.002535367850214243
0.002535089384764433
0.0025347883347421885
0.0025346025358885527
0.002534719416871667
0.0025343368761241436
0.002534192753955722
0.0025332090444862843
0.0025335492100566626
0.00253393966704607
0.0025334216188639402
0.0025327519979327917
0.002533117076382041
0.0025325436145067215
0.0025323289446532726
0.0025326539762318134
0.002532395999878645
0.002531627891585231
0.0025317317340523005
0.0025316074024885893
0.0025317161343991756
0.0025315815582871437
0.0025316246319562197
0.002530944999307394
0.002531273290514946
0.002530558267608285
0.0025300609413534403
0.0025300011038780212
0.002529857214540243
0.002529032761231065
0.0025288185570389032
0.002528838347643614
0.0025288232136517763
0.0025285084266215563
0.0025277044624090195
0.002527954988181591
0.0025283475406467915
0.002527147764340043
0.0025278651155531406
0.002527208300307393
0.002526845084503293
0.0025269577745348215
0.0025266536977142096
0.00252616498619318
0.0025261195842176676
0.0025259326212108135
0.0025253165513277054
0.0025254650972783566
0.0025246283039450645
0.0025249640457332134
0.0025247877929359674
0.0025239058304578066
0.0025242320261895657
0.002524223178625107
0.002523370087146759
0.0025230201426893473
0.0025230434257537127
0.0025229749735444784
0.002522592432796955
0.0025220983661711216
0.0025224019773304462
0.0025210310705006123
0.0025208918377757072
0.0025210159365087748
0.0025205365382134914
0.002520341658964753
0.0025200035888701677
0.002519674366340041
0.0025199237279593945
0.0025194641202688217
0.002518907655030489
0.0025193707551807165
0.0025188580621033907
0.0025179858785122633
0.0025178687646985054
0.0025176412891596556
0.0025178026407957077
0.0025175868067890406
0.0025170277804136276
0.002516926499083638
0.00251685525290668
0.0025161493103951216
0.002515457570552826
0.0025159181095659733
0.0025154082104563713
0.002515460830181837
0.0025150638539344072
0.0025148894637823105
0.002514364430680871
0.002514433581382036
0.002514088759198785
0.0025141441728919744
0.002513487823307514
0.0025137467309832573
0.00251368572935462
0.0025129865389317274
0.0025119560305029154
0.0025123469531536102
0.002512710401788354
0.0025121194776147604
0.002511834492906928
0.002511481288820505
0.0025117394980043173
0.0025108170229941607
0.002510425401851535
0.002510626567527652
0.002510331803932786
0.0025101606734097004
0.002509739249944687
0.0025094198063015938
0.002509182319045067
0.002509103622287512
0.0025092216674238443
0.002509194193407893
0.0025085683446377516
0.0025080374907702208
0.002507801866158843
0.0025081359781324863
0.00250730337575078
0.0025074153672903776
0.0025073098950088024
0.002506925957277417
0.0025066989473998547
0.002506993245333433
0.0025062905624508858
0.002505700336769223
0.0025055932346731424
0.002505454933270812
0.002504919422790408
0.0025048430543392897
0.002504239324480295
0.0025041215121746063
0.0025042833294719458
0.002503605792298913
0.002503524534404278
0.0025033876299858093
0.0025037091691046953
0.0025027492083609104
0.0025028279051184654
0.0025026919320225716
0.0025024532806128263
0.0025020407047122717
0.002501955023035407
0.0025021671317517757
0.0025017692241817713
0.002500728005543351
0.002500715898349881
0.0025003929622471333
0.0025004069320857525
0.0025004534982144833
0.002499602735042572
0.00249985558912158
0.0024991966784000397
0.0024992404505610466
0.002499412978067994
0.0024985657073557377
0.002498214365914464
0.0024981030728667974
0.0024978071451187134
0.0024972595274448395
0.002497197827324271
0.0024971102830022573
0.002496906090527773
0.002496944973245263
0.0024966574274003506
0.0024960951413959265
0.002496027620509267
0.0024953538086265326
0.0024958360008895397
0.0024951063096523285
0.0024951437953859568
0.0024950713850557804
0.002494413172826171
0.002494590589776635
0.0024936406407505274
0.0024930916260927916
0.0024932967498898506
0.0024927572812885046
0.0024936064146459103
0.002492758212611079
0.002492724684998393
0.002492401981726289
0.0024921330623328686
0.002491914201527834
0.0024912639055401087
0.0024918154813349247
0.002491660648956895
0.0024909507483243942
0.0024910648353397846
0.0024902685545384884
0.0024894503876566887
0.002489844337105751
0.002489750739187002
0.002489568665623665
0.0024894485250115395
0.002488996833562851
0.002488605212420225
0.0024884978774935007
0.002488645724952221
0.002488124882802367
0.002487594960257411
0.0024876371026039124
0.002487028716132045
0.002486360492184758
0.0024859837722033262
0.002486478304490447
0.0024864948354661465
0.0024858734104782343
0.0024855942465364933
0.002485064323991537
0.0024853164795786142
0.0024854368530213833
0.0024850366171449423
0.0024839898105710745
0.002484033815562725
0.0024841013364493847
0.002483716467395425
0.002482876880094409
0.002483550924807787
0.002483000745996833
0.0024826740846037865
0.0024829742033034563
0.0024828838650137186
0.002482082461938262
0.002481161616742611
0.0024813811760395765
0.0024814631324261427
0.002481156727299094
0.0024811341427266598
0.002480330877006054
0.002480665920302272
0.0024802428670227528
0.002479650778695941
0.0024796216748654842
0.0024793974589556456
0.00247951433993876
0.002478871727362275
0.0024781194515526295
0.002478374633938074
0.0024785662535578012
0.0024780319072306156
0.00247719744220376
0.0024770270101726055
0.002477360889315605
0.002477293135598302
0.0024766498245298862
0.0024770996533334255
0.0024761995300650597
0.0024751245509833097
0.002476298715919256
0.0024758917279541492
0.0024752579629421234
0.002474889624863863
0.0024744903203099966
0.002474111970514059
0.0024743236135691404
0.0024737068451941013
0.002473560394719243
0.00247358251363039
0.002473540371283889
0.0024729506112635136
0.00247275666333735
0.0024726539850234985
0.002472019288688898
0.0024716134648770094
0.0024724695831537247
0.002472138265147805
0.0024715943727642298
0.0024708828423172235
0.002471168292686343
0.002470494946464896
0.0024703191593289375
0.0024708411656320095
0.0024698665365576744
0.0024697468616068363
0.0024698234628885984
0.0024688849225640297
0.002468511927872896
0.002468626946210861
0.00246918061748147
0.002468500519171357
0.0024681875947862864
0.0024682844523340464
0.0024676714092493057
0.002467644866555929
0.0024676104076206684
0.0024673317093402147
0.0024669466074556112
0.0024665817618370056
0.002466424833983183
0.0024660106282681227
0.002465815283358097
0.0024656408932060003
0.002466083038598299
0.002465565223246813
0.0024650415871292353
0.0024656113237142563
0.002464753808453679
0.0024645815137773752
0.002464452525600791
0.002464023884385824
0.002463950775563717
0.00246377382427454
0.002463606186211109
0.0024631484411656857
0.0024628571700304747
0.0024630525149405003
0.0024630774278193712
0.002462209202349186
0.0024620303884148598
0.002462193602696061
0.0024618301540613174
0.0024617852177470922
0.0024613437708467245
0.0024611856788396835
0.0024610913824290037
0.002460434101521969
0.0024599896278232336
0.002460125368088484
0.002460203366354108
0.002459906740114093
0.0024598005693405867
0.0024595793802291155
0.0024590950924903154
0.00245877169072628
0.002458921167999506
0.002458420814946294
0.0024585872888565063
0.0024585931096225977
0.0024582433979958296
0.002458391711115837
0.0024579104501754045
0.0024574368726462126
0.0024574606213718653
0.002457194495946169
0.0024564561899751425
0.0024565495550632477
0.002457181690260768
0.0024561211466789246
0.0024558219593018293
0.0024554056581109762
0.0024556205607950687
0.0024553327821195126
0.002455333946272731
0.002455261303111911
0.0024546629283577204
0.002454382600262761
0.002454648492857814
0.00245440355502069
0.0024537977296859026
0.0024534622207283974
0.0024532326497137547
0.002453221008181572
0.0024531541857868433
0.0024527779314666986
0.00245273532345891
0.002452666638419032
0.0024524133186787367
0.002452324377372861
0.002452040556818247
0.0024516175035387278
0.002451832639053464
0.002451431006193161
0.0024510384537279606
0.002451085951179266
0.0024511872325092554
0.002450938569381833
0.0024504379834979773
0.0024505811743438244
0.002450446365401149
0.002450080355629325
0.0024496784899383783
0.0024494994431734085
0.002448833314701915
0.0024489816278219223
0.0024492829106748104
0.002448596525937319
0.0024478535633534193
0.0024483157321810722
0.002448511542752385
0.0024473287630826235
0.0024479839485138655
0.0024483921006321907
0.0024475152604281902
0.002447198610752821
0.0024475555401295424
0.0024473562370985746
0.002446534810587764
0.002446328289806843
0.0024468170013278723
0.0024465802125632763
0.002446509199216962
0.0024462491273880005
0.002446002559736371
0.002444966696202755
0.0024452561046928167
0.002445189980790019
0.0024445359595119953
0.002444955287501216
0.002444532234221697
0.0024440987035632133
0.002443721517920494
0.0024439122062176466
0.0024436539970338345
0.0024432609789073467
0.002443375764414668
0.002443527802824974
0.0024436169769614935
0.0024428199976682663
0.0024425298906862736
0.00244294386357069
0.0024423322174698114
0.0024421424604952335
0.002442212775349617
0.002442297525703907
0.0024414968211203814
0.00244167260825634
0.002441509859636426
0.002440798096358776
0.0024407377932220697
0.0024412351194769144
0.002440869575366378
0.0024402232374995947
0.0024402171839028597
0.00244011078029871
0.0024398034438490868
0.0024400909896939993
0.002440260723233223
0.0024394330102950335
0.002438819268718362
0.002438789699226618
0.0024385754950344563
0.0024385491851717234
0.0024386486038565636
0.002438547322526574
0.002438122406601906
0.0024376823566854
0.002437500050291419
0.002437753602862358
0.002438061172142625
0.002437586896121502
0.0024372648913413286
0.0024370159953832626
0.0024374641943722963
0.0024366965517401695
0.0024362695403397083
0.0024363964330404997
0.0024362285621464252
0.0024359035305678844
0.002436223439872265
0.002436066046357155
0.002435653004795313
0.0024353142362087965
0.002435194794088602
0.0024351677857339382
0.0024345170240849257
0.002434598980471492
0.0024350436870008707
0.0024346772115677595
0.0024339985102415085
0.0024337314534932375
0.0024335007183253765
0.0024339568335562944
0.0024339184165000916
0.0024331763852387667
0.002433322835713625
0.002433306071907282
0.002432810375466943
0.0024325207341462374
0.002431988250464201
0.0024324150290340185
0.0024321896489709616
0.0024323423858731985
0.0024318683426827192
0.002431908156722784
0.0024317256174981594
0.0024312948808073997
0.002431599423289299
0.0024313987232744694
0.0024306720588356256
0.002430457854643464
0.0024304327089339495
0.002430527238175273
0.0024305609986186028
0.002429892076179385
0.0024299852084368467
0.002429332584142685
0.002429091604426503
0.0024292301386594772
0.0024293859023600817
0.002429052721709013
0.002428846200928092
0.0024286145344376564
0.0024285567924380302
0.0024281346704810858
0.0024281928781419992
0.0024279162753373384
0.0024276322219520807
0.002427843399345875
0.002427751198410988
0.0024275616742670536
0.0024276417680084705
0.002427563304081559
0.0024269907735288143
0.002426712540909648
0.00242678914219141
0.0024266464170068502
0.0024261781945824623
0.00242639915086329
0.0024255637545138597
0.0024259581696242094
0.0024256936740130186
0.002425071084871888
0.0024251120630651712
0.0024244794622063637
0.0024248615372925997
0.0024248166009783745
0.002424413338303566
0.002424675039947033
0.0024243181105703115
0.002424432896077633
0.0024241299834102392
0.0024239649064838886
0.002423918107524514
0.0024236110039055347
0.002423435216769576
0.0024231679271906614
0.002423200523480773
0.0024229749105870724
0.0024228033144026995
0.0024223660584539175
0.0024222712963819504
0.0024222962092608213
0.0024220135528594255
0.0024216605816036463
0.0024217921309173107
0.002421909011900425
0.002421645214781165
0.002421142067760229
0.0024213907308876514
0.002420778153464198
0.0024208102840930223
0.0024208547547459602
0.0024203259963542223
0.002419957658275962
0.0024202691856771708
0.0024202570784837008
0.00242003146559
0.002419398631900549
0.0024194105062633753
0.002419315278530121
0.0024191346019506454
0.0024190060794353485
0.0024186456575989723
0.002418785821646452
0.002418982330709696
0.0024187059607356787
0.0024180349428206682
0.002417901298031211
0.002417825162410736
0.002417673822492361
0.0024177003651857376
0.0024172146804630756
0.00241724937222898
0.002417241455987096
0.0024171096738427877
0.0024166740477085114
0.002416755771264434
0.002416330622509122
0.002416958101093769
0.0024164754431694746
0.0024161848705261946
0.002415658673271537
0.0024155708961188793
0.00241539697162807
0.00241559324786067
0.002415209775790572
0.0024156025610864162
0.0024151389952749014
0.002414960879832506
0.0024148612283170223
0.0024146174546331167
0.002414633985608816
0.0024145180359482765
0.002414376474916935
0.0024138381704688072
0.002413438865914941
0.002413407666608691
0.0024135273415595293
0.0024134195409715176
0.002413023030385375
0.0024133860133588314
0.002412674482911825
0.002412731060758233
0.002412601141259074
0.0024122109171003103
0.0024121319875121117
0.002412262838333845
0.0024122134782373905
0.002411633264273405
0.002411386463791132
0.0024112577084451914
0.0024111552629619837
0.0024111035745590925
0.0024111801758408546
0.002410656539723277
0.0024106933269649744
0.0024110220838338137
0.0024099922738969326
0.002409987850114703
0.0024100199807435274
0.002409997396171093
0.00240998063236475
0.002409866312518716
0.0024094469845294952
0.00240908726118505
0.002408904256299138
0.0024086819030344486
0.002408664207905531
0.0024084162432700396
0.002408101223409176
0.0024079333525151014
0.0024084681645035744
0.002407998079434037
0.0024076770059764385
0.002407634165138006
0.0024078262504190207
0.0024071631487458944
0.0024072895757853985
0.002407022751867771
0.0024071510415524244
0.0024066735059022903
0.0024063684977591038
0.002406520303338766
0.0024062134325504303
0.0024060236755758524
0.0024059920106083155
0.002406076993793249
0.0024061331059783697
0.0024053568486124277
0.0024053137749433517
0.002405355917289853
0.0024051431100815535
0.002404887694865465
0.002404823200777173
0.0024046613834798336
0.00240446999669075
0.002404372673481703
0.0024044588208198547
0.002403744962066412
0.0024033302906900644
0.0024034709203988314
0.002403899561613798
0.0024034345988184214
0.002403395716100931
0.0024033053778111935
0.002402711194008589
0.002402443205937743
0.0024025950115174055
0.0024026003666222095
0.0024022592697292566
0.0024021053686738014
0.0024020979180932045
0.0024015530943870544
0.002401574281975627
0.0024013412185013294
0.0024011977948248386
0.0024012248031795025
0.002401349600404501
0.0024009624030441046
0.002400781260803342
0.002400582190603018
0.0024004855658859015
0.002400263911113143
0.0024004261940717697
0.0024001672863960266
0.002400169614702463
0.002399464137852192
0.0023996098898351192
0.0023996515665203333
0.0023993938229978085
0.002399118384346366
0.0023989849723875523
0.002398908603936434
0.0023985097650438547
0.0023983006831258535
0.0023984769359230995
0.002398176584392786
0.0023980101104825735
0.0023977721575647593
0.0023975179065018892
0.0023977095261216164
0.0023973453789949417
0.0023968578316271305
0.0023968853056430817
0.002397100906819105
0.0023967104498296976
0.0023964259307831526
0.002396433614194393
0.002396076451987028
0.002396078547462821
0.002395715331658721
0.002395444782450795
0.0023955409415066242
0.0023959768004715443
0.0023955777287483215
0.0023951795883476734
0.002394888550043106
0.002394725801423192
0.0023948445450514555
0.0023943616542965174
0.0023943972773849964
0.0023940338287502527
0.002394055249169469
0.0023939921520650387
0.0023940829560160637
0.002394028240814805
0.0023934103082865477
0.0023930242750793695
0.0023928971495479345
0.002392646623775363
0.0023928482551127672
0.002392664784565568
0.0023920165840536356
0.0023917772341519594
0.0023918563965708017
0.0023919260129332542
0.0023919243831187487
0.002391889924183488
0.0023913441691547632
0.002391020767390728
0.002391543472185731
0.002390892244875431
0.0023907264694571495
0.0023907809518277645
0.00239012879319489
0.0023900417145341635
0.002390115987509489
0.002390370238572359
0.002390122041106224
0.0023898219224065542
0.002389290137216449
0.0023890952579677105
0.0023890992160886526
0.0023887052666395903
0.0023885401897132397
0.0023885220289230347
0.002388860797509551
0.0023884137626737356
0.0023879900109022856
0.0023880123626440763
0.002387929242104292
0.0023878435604274273
0.002387378364801407
0.0023872475139796734
0.002387364162132144
0.002386898035183549
0.002386851003393531
0.0023864207323640585
0.002386018866673112
0.002386375330388546
0.0023862491361796856
0.002385867526754737
0.0023857969790697098
0.002385624684393406
0.0023854966275393963
0.0023850328288972378
0.0023852353915572166
0.0023852528538554907
0.0023845757823437452
0.002384721301496029
0.0023846663534641266
0.0023843671660870314
0.00238429824821651
0.0023839727509766817
0.0023836425971239805
0.002383461454883218
0.0023835215251892805
0.002383370650932193
0.002383337588980794
0.0023827990517020226
0.0023823881056159735
0.0023823066148906946
0.002382534323260188
0.0023824451491236687
0.0023822651710361242
0.0023820046335458755
0.0023816749453544617
0.002381670754402876
0.00238105864264071
0.002381028374657035
0.002381102414801717
0.0023807950783520937
0.002380574820563197
0.002380597870796919
0.002380440942943096
0.0023799752816557884
0.0023800446651875973
0.0023800197523087263
0.0023799980990588665
0.0023797459434717894
0.0023795519955456257
0.002379267942160368
0.002378892619162798
0.0023785275407135487
0.0023788264952600002
0.0023786004167050123
0.0023782311473041773
0.002378209261223674
0.0023779841139912605
0.002377479337155819
0.002377451164647937
0.002377711236476898
0.0023773321881890297
0.002377013908699155
0.0023769093677401543
0.002376767573878169
0.002376649994403124
0.0023761300835758448
0.0023765063378959894
0.0023759808391332626
0.002375897951424122
0.0023756972514092922
0.002375395270064473
0.002375168027356267
0.0023750383406877518
0.002375103533267975
0.0023746846709400415
0.0023741682525724173
0.002374535659328103
0.0023743784986436367
0.0023740390315651894
0.0023740006145089865
0.002373639028519392
0.0023736378643661737
0.0023734148126095533
0.0023730951361358166
0.00237309280782938
0.0023730373941361904
0.002372591756284237
0.0023722329642623663
0.0023719884920865297
0.0023722597397863865
0.002372132381424308
0.0023715090937912464
0.0023714196868240833
0.0023713891860097647
0.0023711964022368193
0.0023708543740212917
0.002370850183069706
0.002370499074459076
0.0023704946506768465
0.0023699605371803045
0.0023699586745351553
0.002370173577219248
0.0023700804449617863
0.002369372174143791
0.0023691824171692133
0.00236938102170825
0.002368984278291464
0.0023690417874604464
0.002369167748838663
0.002368851797655225
0.0023681640159338713
0.002368125133216381
0.0023681726306676865
0.002367889042943716
0.002367625944316387
0.0023677649442106485
0.0023675188422203064
0.002366921864449978
0.0023667598143219948
0.0023668587673455477
0.002366841770708561
0.0023665379267185926
0.002366043394431472
0.0023660550359636545
0.0023658424615859985
0.0023658478166908026
0.002365587977692485
0.002365344436839223
0.002365168882533908
0.0023648098576813936
0.0023647246416658163
0.0023645844776183367
0.002364485990256071
0.0023641057778149843
0.00236382894217968
0.0023635332472622395
0.0023636645637452602
0.0023633118253201246
0.0023633467499166727
0.002363098319619894
0.002362745115533471
0.0023623828310519457
0.002362319966778159
0.0023624273017048836
0.002362263621762395
0.0023618610575795174
0.002361629158258438
0.00236140051856637
0.002361489227041602
0.002360932994633913
0.0023608256597071886
0.0023607390467077494
0.002360439859330654
0.0023605143651366234
0.002360226819291711
0.002359898528084159
0.0023598382249474525
0.0023596289101988077
0.0023593557998538017
0.002359140431508422
0.0023589427582919598
0.0023585129529237747
0.0023583120200783014
0.002358314348384738
0.002358402591198683
0.0023582244757562876
0.002357767429202795
0.0023574240040034056
0.0023573944345116615
0.0023572933860123158
0.0023571529891341925
0.002356750424951315
0.002356658224016428
0.0023568333126604557
0.002356549957767129
0.0023563490249216557
0.002355855191126466
0.002355563687160611
0.002355708973482251
0.002356011187657714
0.002355484524741769
0.0023548337630927563
0.002354472642764449
0.0023546977899968624
0.0023546856828033924
0.002354484284296632
0.0023536712396889925
0.00235375645570457
0.0023538521490991116
0.0023540076799690723
0.0023535233922302723
0.002353082876652479
0.0023526353761553764
0.0023526260629296303
0.0023526414297521114
0.002352542243897915
0.0023523918353021145
0.00235222396440804
0.002351913833990693
0.0023513822816312313
0.0023514910135418177
0.0023511690087616444
0.0023509697057306767
0.0023510281462222338
0.0023506099823862314
0.0023504190612584352
0.002350131282582879
0.00235009309835732
0.0023499317467212677
0.00234972988255322
0.002349548740312457
0.002349189482629299
0.002348977606743574
0.0023489368613809347
0.0023487331345677376
0.0023485261481255293
0.0023483869154006243
0.002347911475226283
0.002347789704799652
0.0023479457013309
0.0023477389477193356
0.0023472171742469072
0.0023470779415220022
0.0023468551225960255
0.0023470257874578238
0.002346668392419815
0.002346434397622943
0.0023460607044398785
0.0023460150696337223
0.002346190856769681
0.0023459147196263075
0.002345259767025709
0.002344874432310462
0.002345033921301365
0.0023451088927686214
0.002344967797398567
0.002344764769077301
0.0023443144746124744
0.0023442136589437723
0.002344032982364297
0.0023440292570739985
0.002343125408515334
0.0023431661538779736
0.0023433289024978876
0.0023432595189660788
0.002343021798878908
0.002342594787478447
0.0023420900106430054
0.002342142164707184
0.002342096995562315
0.002341935411095619
0.0023416411131620407
0.002341201761737466
0.002341385930776596
0.002341183368116617
0.002341019455343485
0.002340675564482808
0.0023408089764416218
0.0023406101390719414
0.0023400005884468555
0.002340040635317564
0.0023400841746479273
0.0023397814948111773
0.0023397966288030148
0.002339221304282546
0.002338986610993743
0.0023389197885990143
0.0023385207168757915
0.002338370308279991
0.0023382159415632486
0.00233818800188601
0.0023380150087177753
0.0023376005701720715
0.002337356097996235
0.0023373612202703953
0.002337169833481312
0.0023370767012238503
0.0023369635455310345
0.002336769597604871
0.0023366508539766073
0.0023361840285360813
0.0023359330371022224
0.0023357488680630922
0.002335506957024336
0.002335810335353017
0.0023354815784841776
0.0023351190611720085
0.002335000317543745
0.002334645250812173
0.0023342741187661886
0.002334193093702197
0.002334205200895667
0.0023338710889220238
0.0023335504811257124
0.0023333013523370028
0.002333455951884389
0.0023335758596658707
0.002333428245037794
0.002332722768187523
0.0023325576912611723
0.0023323441855609417
0.002332247793674469
0.002332283416762948
0.002331784460693598
0.0023316717706620693
0.002331615425646305
0.002331548137590289
0.002331595867872238
0.002331230789422989
0.0023306666407734156
0.002330268733203411
0.002330396557226777
0.0023304198402911425
0.0023300773464143276
0.002330011921003461
0.0023296289145946503
0.0023294074926525354
0.0023296065628528595
0.0023295306600630283
0.002329016337171197
0.0023284999188035727
0.002328361151739955
0.0023285243660211563
0.0023285739589482546
0.002328300615772605
0.0023278733715415
0.0023275837302207947
0.002327649388462305
0.0023276424035429955
0.002327557420358062
0.002327010268345475
0.0023266486823558807
0.002326627029106021
0.002326754853129387
0.0023264402989298105
0.002326016314327717
0.0023259054869413376
0.0023257692810148
0.002325955778360367
0.0023254347033798695
0.0023249308578670025
0.0023247627541422844
0.0023247336503118277
0.002324504079297185
0.0023246933706104755
0.0023242386523634195
0.002323683351278305
0.0023236179258674383
0.0023236104752868414
0.002323628170415759
0.002323378110304475
0.0023233338724821806
0.002323030261322856
0.0023227131459861994
0.0023225361946970224
0.0023223860189318657
0.002322049578651786
0.0023221245501190424
0.002321433974429965
0.0023217296693474054
0.0023216018453240395
0.002321285428479314
0.002321055857464671
0.0023213147651404142
0.0023209683131426573
0.002320253988727927
0.0023202640004456043
0.0023202882148325443
0.002320322673767805
0.0023200600408017635
0.0023198765702545643
0.0023194197565317154
0.0023194351233541965
0.0023192213848233223
0.002319255145266652
0.0023187249898910522
0.002318647224456072
0.0023185003083199263
0.0023180716671049595
0.002317850710824132
0.002317968988791108
0.0023176968097686768
0.002317671896889806
0.002317136386409402
0.002316740108653903
0.0023167654871940613
0.002316680271178484
0.002316567348316312
0.0023162546567618847
0.0023161624558269978
0.0023160576820373535
0.0023158539552241564
0.002315641613677144
0.002315306570380926
0.0023154146037995815
0.00231509143486619
0.00231497036293149
0.0023152008652687073
0.0023145328741520643
0.00231404067017138
0.0023140881676226854
0.002314300276339054
0.0023139372933655977
0.0023137996904551983
0.0023133743088692427
0.002313347766175866
0.0023134322836995125
0.0023129067849367857
0.002312521915882826
0.0023124385625123978
0.0023122152779251337
0.0023122807033360004
0.002311895601451397
0.0023116348311305046
0.002311625052243471
0.0023115507792681456
0.0023110569454729557
0.0023109244648367167
0.0023110504262149334
0.0023108539171516895
0.0023107118904590607
0.002310440642759204
0.0023100252728909254
0.0023099263198673725
0.002309829229488969
0.0023093251511454582
0.0023092569317668676
0.0023091828916221857
0.00230908184312284
0.002308808034285903
0.002308592665940523
0.0023085621651262045
0.0023083286359906197
0.0023082878906279802
0.0023079144302755594
0.0023076010402292013
0.0023075772915035486
0.002307792427018285
0.002307465998455882
0.002307115588337183
0.00230681081302464
0.0023067581932991743
0.002306734910234809
0.0023064673878252506
0.0023062867112457752
0.00230596330948174
0.002305919537320733
0.002305678091943264
0.0023056408390402794
0.0023056259378790855
0.0023053798358887434
0.0023049856536090374
0.00230474048294127
0.002304650843143463
0.0023045814596116543
0.002304426394402981
0.0023041449021548033
0.002303741406649351
0.002303958171978593
0.0023037923965603113
0.0023036787752062082
0.002303553745150566
0.002302912063896656
0.0023028345312923193
0.002302720444276929
0.0023025248665362597
0.002302435925230384
0.002302171429619193
0.002302125096321106
0.002302180975675583
0.0023018531501293182
0.0023012992460280657
0.0023015171755105257
0.0023011378943920135
0.002301151631399989
0.0023008540738373995
0.0023006994742900133
0.002300592605024576
0.002300485037267208
0.0023000510409474373
0.0022999902721494436
0.0022999043576419353
0.002299741841852665
0.002299472689628601
0.0022995397448539734
0.0022992687299847603
0.0022991702426224947
0.00229896092787385
0.002298964885994792
0.002298664767295122
0.0022986563853919506
0.0022984975948929787
0.002298310399055481
0.0022979381028562784
0.002297694329172373
0.0022977034095674753
0.0022973744198679924
0.002297469647601247
0.002297215862199664
0.002297112252563238
0.002297067316249013
0.0022968603298068047
0.002296635415405035
0.002296325284987688
0.002296132268384099
0.002295983023941517
0.0022959259804338217
0.00229570921510458
0.0022955976892262697
0.002295686397701502
0.002295490587130189
0.002295138081535697
0.002294973935931921
0.0022949508856981993
0.002294784877449274
0.002294669859111309
0.0022945425007492304
0.0022941355127841234
0.0022938239853829145
0.002293724799528718
0.0022936894092708826
0.002293478464707732
0.0022933564614504576
0.0022933147847652435
0.0022930861450731754
0.002292863093316555
0.0022927552927285433
0.0022926023229956627
0.002292561111971736
0.0022923038341104984
0.0022920402698218822
0.0022919808980077505
0.002291862154379487
0.002291318029165268
0.0022915867157280445
0.0022915336303412914
0.0022909382823854685
0.002290858654305339
0.0022909464314579964
0.0022910749539732933
0.002290590200573206
0.002290449570864439
0.0022904800716787577
0.0022901324555277824
0.0022896865848451853
0.002289780881255865
0.0022896365262567997
0.002289245603606105
0.0022892067208886147
0.0022891229018568993
0.0022890588734298944
0.0022887922823429108
0.0022887333761900663
0.0022886968217790127
0.002288268180564046
0.0022880788892507553
0.0022879948373883963
0.002288087271153927
0.0022877780720591545
0.0022875797003507614
0.002287498442456126
0.002287168987095356
0.0022871443070471287
0.0022870979737490416
0.0022869748063385487
0.002286661649122834
0.0022865713108330965
0.002286450006067753
0.0022861482575535774
0.002286031376570463
0.00228573614731431
0.002285746391862631
0.0022855077404528856
0.0022852809634059668
0.002285202033817768
0.0022852253168821335
0.0022851305548101664
0.002284817863255739
0.002284692833200097
0.0022845466155558825
0.0022842336911708117
0.0022839584853500128
0.002283942885696888
0.0022836073767393827
0.002283334033563733
0.0022833060938864946
0.002283346839249134
0.002283085137605667
0.0022829528898000717
0.0022826893255114555
0.002282697707414627
0.002282417844980955
0.002282350556924939
0.002282187342643738
0.002281841589137912
0.002281698165461421
0.0022817151620984077
0.002281395485624671
0.002280945423990488
0.0022810630034655333
0.002281147288158536
0.0022806848865002394
0.0022805859334766865
0.0022804264444857836
0.0022804043255746365
0.002280206186696887
0.0022798378486186266
0.0022797337733209133
0.0022797042038291693
0.002279371954500675
0.0022792418021708727
0.0022791593801230192
0.0022789037320762873
0.002278572414070368
0.0022786289919167757
0.002278317464515567
0.0022781863808631897
0.0022780196741223335
0.0022776953410357237
0.0022777754347771406
0.0022774883545935154
0.0022771924268454313
0.002277091145515442
0.0022769207134842873
0.0022767451591789722
0.00227647484280169
0.0022763300221413374
0.00227635120972991
0.0022760608699172735
0.002275801496580243
0.002275716746225953
0.002275733044371009
0.0022755933459848166
0.002275018487125635
0.002274866448715329
0.0022748534101992846
0.002274746773764491
0.0022745057940483093
0.0022744073066860437
0.0022742506116628647
0.002273949095979333
0.0022738680709153414
0.0022734517697244883
0.0022733004298061132
0.0022730776108801365
0.0022728967014700174
0.0022728159092366695
0.002272611251100898
0.002272483892738819
0.002272483892738819
